6690.9 2557.2 92.4 322 0 40.0 22.0 14.0 0.0 0 0 4 5 5
6177.5 2138.4 105.3 255 0 11.1 57.7 14.0 3.5 2 1 4 4 4
6171.8 2042.7 106.5 166 0 9.8 41.6 10.5 3.5 2 1 3 1 1
6164.5 2088.0 107.0 166 0 56.2 9.6 10.5 0.0 0 0 3 4 4
6222.9 2115.7 108.9 345 0 14.6 18.6 14.0 3.5 2 1 4 4 4
5456.7 1104.6 95.4 133 0 21.4 24.7 10.5 3.5 2 1 3 2 2
1053.0 6146.0 106.8 113 0 18.0 25.5 12.5 2.5 2 1 5 2 2
5205.6 -1213.5 22.8 23 0 23.2 23.4 14.0 0.0 0 1 4 3 3
5514.4 -1467.1 31.4 194 0 12.2 13.8 14.0 3.5 2 1 4 1 1
4973.9 -989.2 -10.4 98 0 11.6 25.4 7.5 2.5 2 1 3 0 0
5419.5 -1496.2 36.6 268 0 8.2 14.6 7.5 2.5 2 1 3 2 2
5045.9 -1710.4 3.6 243 0 19.6 16.9 14.0 3.5 2 0 4 1 1
5212.7 -1232.2 21.4 306 0 14.2 7.8 10.5 3.5 2 0 3 1 1
4704.0 -659.7 -13.1 196 0 13.3 27.9 14.0 3.5 2 1 4 5 5
5101.9 -1723.8 3.0 325 0 13.6 18.0 14.0 3.5 2 1 4 5 5
5348.8 -1625.3 26.2 139 0 5.5 5.6 10.5 3.5 4 1 3 5 5
6785.3 2442.5 92.4 357 0 5.7 19.5 10.5 3.5 2 0 3 3 3
6591.1 2697.6 95.4 320 0 11.0 28.3 10.0 2.5 2 1 4 2 2
6742.2 2386.7 91.2 190 0 13.2 25.3 10.0 2.5 2 1 4 2 2
6566.0 2727.9 94.3 321 0 15.1 25.3 15.0 0.0 0 1 6 1 1
6472.2 2918.1 86.3 138 0 6.4 6.0 10.5 3.5 4 0 3 5 5
6510.9 2768.9 91.6 230 0 9.4 15.0 7.5 2.5 2 1 3 5 5
6469.6 2938.3 86.0 312 0 9.3 9.4 10.5 3.5 2 1 3 2 2
6537.5 2753.6 92.6 323 0 13.2 17.7 7.5 2.5 2 1 3 3 3
6542.1 2733.8 93.2 322 0 17.1 12.8 7.5 2.5 2 0 3 3 3
6724.3 2545.7 94.0 322 0 19.7 18.2 14.0 3.5 2 0 4 3 3
6608.3 2629.9 96.7 50 0 11.2 12.4 7.5 2.5 2 1 3 2 2
6765.7 2405.7 91.1 9 0 12.8 17.4 14.0 0.0 0 1 4 2 2
6822.0 2406.9 94.7 296 0 10.4 12.0 14.0 3.5 2 1 4 3 3
6678.3 2587.9 95.4 325 0 11.6 11.7 14.0 3.5 2 1 4 4 4
6788.3 2454.0 93.0 3 0 11.7 16.8 14.0 3.5 2 1 4 0 0
6765.7 2423.9 89.5 8 0 18.9 34.9 14.0 3.5 4 1 4 1 1
3796.4 3416.2 76.8 317 0 10.8 13.6 14.0 3.5 4 1 4 5 5
4423.0 3640.0 79.6 181 0 12.1 13.8 2.5 0.0 0 1 1 4 4
3802.7 3448.2 77.5 107 0 12.2 14.3 14.0 0.0 0 1 4 0 0
3846.4 3459.0 80.3 112 0 8.3 6.5 10.5 3.5 2 0 3 2 2
2577.4 4215.1 87.5 273 0 14.6 20.4 12.5 2.5 2 1 5 1 1
6324.3 2160.6 106.9 20 0 17.8 28.1 10.0 0.0 0 1 4 4 4
4931.7 -10088.8 49.0 50 0 40.1 38.5 14.0 0.0 0 0 4 1 1
4967.6 -10025.4 49.7 320 0 36.5 40.0 14.0 0.0 0 1 4 2 2
6432.7 -11516.4 3.8 11 0 44.2 186.4 10.0 0.0 0 1 4 5 5
6112.0 -9325.5 46.1 237 0 73.7 152.2 10.0 0.0 0 1 4 5 5
6248.5 -9423.5 50.5 59 0 33.8 49.1 12.5 0.0 0 1 5 0 0
6204.0 -10073.2 33.1 51 0 96.6 46.0 12.5 0.0 0 0 5 5 5
6336.5 -9625.3 41.4 345 0 38.2 47.9 12.5 0.0 0 1 5 0 0
3943.9 -9388.5 63.1 10 0 81.7 88.7 12.5 0.0 0 1 5 0 0
3367.4 -9470.9 68.4 235 0 50.8 45.5 10.0 0.0 0 0 4 4 4
3424.7 -9585.2 66.1 56 0 17.3 62.6 7.5 2.5 2 1 3 5 5
4230.4 -9667.3 61.3 160 0 17.9 31.8 10.0 2.5 4 1 4 0 0
4286.8 -9665.7 61.2 70 0 30.1 36.2 10.0 0.0 0 1 4 4 4
4343.2 -9627.2 60.1 339 0 38.5 46.7 10.0 0.0 0 1 4 4 4
4184.7 -9632.7 61.9 160 0 38.1 51.6 7.5 0.0 0 1 3 3 3
4643.1 -9558.1 51.0 340 0 39.0 56.3 14.0 0.0 0 1 4 4 4
4499.8 -9042.9 50.3 355 0 43.5 22.1 10.0 0.0 0 0 4 1 1
4532.6 -9566.6 54.3 159 0 55.1 44.9 14.0 0.0 0 0 4 0 0
6018.9 -9588.1 46.7 174 0 32.1 26.4 14.0 0.0 0 0 4 4 4
6413.7 -9273.0 56.7 254 0 43.5 16.4 7.5 2.5 2 0 3 2 2
5479.5 1283.9 91.6 41 0 10.0 30.5 10.5 3.5 2 1 3 4 4
5499.5 1263.1 92.2 42 0 8.5 18.3 10.5 3.5 2 1 3 4 4
5424.9 1296.9 91.0 135 0 12.6 14.4 14.0 3.5 2 1 4 3 3
5480.5 1299.4 91.7 41 0 9.9 22.2 10.5 3.5 2 1 3 5 5
5449.3 1321.1 91.3 129 0 22.2 12.3 14.0 0.0 0 0 4 1 1
5496.1 1314.7 91.8 40 0 12.3 22.3 14.0 3.5 2 1 4 2 2
5515.0 1275.1 92.4 40 1 16.6 14.5 14.0 3.5 2 0 4 3 3
5498.0 1281.0 92.0 40 0 6.4 21.6 10.5 3.5 2 1 3 1 1
5551.9 1310.4 93.7 42 1 11.5 15.2 14.0 3.5 2 1 4 4 4
5594.4 1352.3 95.9 34 0 24.0 11.5 14.0 3.5 2 0 4 5 5
5631.3 1400.6 98.2 134 0 20.5 15.1 14.0 3.5 2 0 4 2 2
5538.2 1447.7 95.6 316 0 6.8 27.9 10.5 0.0 0 1 3 1 1
5558.4 1424.9 95.8 317 0 17.4 26.6 14.0 3.5 2 1 4 3 3
5461.5 1405.8 92.6 223 1 12.7 13.3 14.0 3.5 2 1 4 4 4
5451.3 1418.5 92.5 223 0 14.7 13.8 14.0 3.5 2 0 4 4 4
5488.1 1432.4 93.9 313 0 13.0 19.3 14.0 3.5 2 1 4 0 0
5520.1 1459.9 95.7 315 1 11.0 20.5 14.0 0.0 0 1 4 3 3
5541.5 1426.7 95.7 318 0 6.7 15.8 10.5 3.5 2 1 3 2 2
5456.4 1500.9 95.0 232 0 24.4 9.8 10.5 0.0 0 0 3 4 4
5477.9 1491.5 95.0 323 0 11.2 23.1 14.0 3.5 2 1 4 0 0
5387.7 1442.4 92.3 233 1 11.4 16.5 14.0 3.5 2 1 4 5 5
5359.0 1425.4 92.0 235 0 19.9 19.6 14.0 3.5 2 0 4 1 1
5338.3 1407.8 90.4 233 0 12.8 24.9 14.0 3.5 4 1 4 4 4
5326.6 1396.5 89.7 231 0 14.6 19.1 14.0 3.5 2 1 4 5 5
5373.5 1339.6 89.5 123 0 14.7 23.9 14.0 0.0 0 1 4 1 1
5309.6 1385.4 88.9 234 1 17.1 13.0 14.0 3.5 2 0 4 4 4
5326.5 1452.4 94.4 84 1 12.8 12.7 14.0 3.5 2 0 4 1 1
5338.4 1470.3 94.8 76 0 11.3 7.8 10.5 3.5 2 0 3 3 3
5309.5 1362.5 87.0 219 0 16.5 16.8 14.0 3.5 2 1 4 1 1
5285.0 1368.1 86.7 222 0 9.9 24.3 10.5 3.5 4 1 3 1 1
5371.8 1323.0 89.7 123 1 16.0 12.6 14.0 3.5 2 0 4 4 4
5246.8 1343.5 85.0 223 0 14.5 19.6 14.0 3.5 2 1 4 4 4
5233.7 1327.4 84.1 219 1 14.2 15.0 14.0 3.5 2 1 4 5 5
5307.5 1292.6 85.6 45 0 16.6 21.5 14.0 3.5 2 1 4 1 1
5206.2 1364.1 87.8 49 1 10.0 14.7 14.0 3.5 2 1 4 5 5
5170.5 1366.1 87.5 119 1 11.5 13.1 14.0 3.5 2 1 4 5 5
5148.9 1379.4 86.4 119 0 12.5 20.6 14.0 3.5 2 1 4 3 3
5260.9 1258.2 83.5 51 1 11.6 19.5 14.0 3.5 2 1 4 2 2
5250.7 1253.3 82.6 47 0 9.9 22.0 10.5 3.5 2 1 3 0 0
5213.3 1246.8 80.6 63 1 12.0 18.0 14.0 3.5 2 1 4 1 1
5192.9 1252.1 79.9 60 1 10.8 14.0 14.0 3.5 2 1 4 3 3
5215.2 1318.4 83.6 219 1 14.3 14.0 14.0 3.5 2 0 4 1 1
5255.7 1434.9 92.9 29 0 9.0 16.9 10.5 3.5 4 1 3 0 0
5239.9 1487.5 95.2 259 0 12.6 24.8 14.0 0.0 0 1 4 2 2
5279.4 1427.9 92.6 52 0 12.9 28.8 14.0 3.5 2 1 4 2 2
5210.5 1497.6 96.9 359 0 15.9 17.8 14.0 3.5 2 1 4 1 1
5299.5 1430.1 93.3 80 1 10.6 12.9 14.0 3.5 2 1 4 0 0
5298.1 1530.0 97.3 261 0 7.6 12.9 10.5 3.5 2 1 3 5 5
5276.5 1566.5 99.6 60 0 17.5 18.9 14.0 3.5 2 1 4 1 1
5303.0 1580.5 99.4 349 0 11.6 16.5 14.0 3.5 2 1 4 4 4
5217.0 1512.3 98.2 359 0 8.8 22.9 10.5 3.5 2 1 3 2 2
5187.3 1598.5 95.6 301 0 18.7 9.7 10.5 3.5 2 0 3 3 3
5206.7 1558.4 100.0 270 0 18.6 17.2 14.0 0.0 0 0 4 3 3
5189.5 1574.9 98.6 274 0 7.5 19.4 10.5 3.5 2 1 3 3 3
5172.7 1581.2 97.7 304 1 17.8 13.3 14.0 3.5 2 0 4 0 0
5243.6 1555.7 99.5 318 0 14.3 17.1 14.0 3.5 2 1 4 0 0
5212.8 1483.4 94.9 325 0 13.8 25.0 14.0 0.0 0 1 4 5 5
5385.2 1504.2 95.2 77 1 14.5 15.0 14.0 3.5 2 1 4 2 2
5408.5 1514.8 95.6 20 0 12.6 19.5 14.0 3.5 2 1 4 0 0
5444.1 1530.2 96.3 51 0 23.9 9.7 10.5 3.5 2 0 3 5 5
5429.6 1603.3 98.9 348 0 13.7 19.3 14.0 0.0 0 1 4 4 4
5490.8 1546.5 97.5 74 0 16.4 15.4 14.0 3.5 2 0 4 5 5
5470.3 1582.6 98.2 168 1 10.7 15.9 14.0 3.5 2 1 4 2 2
5490.7 1247.6 92.0 42 0 13.6 20.3 14.0 3.5 2 1 4 5 5
5427.7 1314.1 91.0 132 1 13.2 15.2 14.0 3.5 2 1 4 2 2
5435.7 1195.5 91.2 42 0 20.8 21.9 14.0 3.5 4 1 4 4 4
5457.5 1209.1 91.6 43 0 15.3 20.0 14.0 3.5 2 1 4 4 4
5463.7 1226.9 91.7 42 1 14.1 14.7 14.0 3.5 2 1 4 4 4
5490.7 1186.2 92.9 223 0 13.1 24.5 10.5 0.0 0 1 3 1 1
5501.2 1196.7 92.8 223 0 13.7 17.4 10.5 3.5 2 1 3 3 3
5579.9 1163.2 95.0 42 0 15.5 11.3 10.5 3.5 2 0 3 5 5
5565.7 1175.9 93.7 42 0 10.7 24.2 10.5 3.5 2 1 3 3 3
5527.7 1219.1 93.1 223 0 10.9 23.4 10.5 3.5 2 1 3 2 2
5392.6 1208.7 90.8 133 1 11.9 15.9 14.0 3.5 2 1 4 4 4
5364.1 1235.1 90.2 133 0 10.0 18.3 14.0 0.0 0 1 4 5 5
5355.1 1246.9 90.0 131 1 14.6 17.1 14.0 3.5 2 1 4 0 0
5203.6 1302.4 82.7 235 1 14.4 10.7 14.0 3.5 2 0 4 4 4
5169.2 1251.8 79.1 83 0 14.4 22.3 14.0 0.0 0 1 4 2 2
5162.3 1307.2 81.3 261 1 13.4 15.2 14.0 3.5 2 1 4 3 3
5149.5 1311.2 79.6 271 0 9.0 20.6 10.5 3.5 2 1 3 1 1
5070.3 1360.1 77.6 110 0 19.7 15.1 14.0 3.5 2 0 4 4 4
5076.7 1417.2 82.7 120 0 13.5 18.9 14.0 3.5 2 1 4 3 3
5047.4 1354.2 75.0 90 0 14.8 8.8 10.5 3.5 2 0 3 2 2
5091.5 1447.1 85.8 115 0 17.8 15.4 14.0 0.0 0 0 4 2 2
5040.6 1444.1 81.3 118 1 10.5 11.7 14.0 3.5 4 1 4 3 3
5297.4 1612.4 98.0 348 1 13.3 15.3 14.0 3.5 2 1 4 3 3
5237.2 1435.7 93.0 71 0 11.5 34.9 14.0 3.5 2 1 4 4 4
5213.5 1438.8 93.1 75 1 15.9 12.9 14.0 3.5 2 0 4 0 0
5031.3 1474.2 82.5 117 0 9.0 18.8 10.5 3.5 2 1 3 4 4
5022.7 1456.9 80.5 115 0 10.7 17.2 14.0 3.5 2 1 4 1 1
5005.4 1462.8 79.3 114 0 9.8 17.3 10.5 3.5 2 1 3 3 3
4995.3 1475.5 79.5 116 0 16.5 9.1 10.5 3.5 4 0 3 1 1
4959.2 1493.1 78.9 118 0 15.6 16.2 14.0 3.5 2 1 4 1 1
4988.3 1531.8 85.4 116 1 16.2 10.8 14.0 3.5 2 0 4 0 0
4961.0 1539.4 84.2 113 1 12.9 17.9 14.0 3.5 4 1 4 4 4
4954.9 1565.2 84.1 294 1 11.0 19.3 14.0 0.0 0 1 4 5 5
4912.3 1518.4 78.4 116 0 9.9 6.5 10.5 3.5 2 0 3 2 2
4915.6 1531.2 80.1 114 0 7.4 21.2 10.5 0.0 0 1 3 1 1
4892.5 1523.0 77.5 117 0 8.3 22.9 10.5 3.5 2 1 3 1 1
4913.3 1559.6 83.1 118 0 14.5 19.3 14.0 3.5 2 1 4 1 1
5015.1 1598.3 93.1 238 0 7.4 20.2 10.5 3.5 2 1 3 1 1
5035.8 1632.0 98.2 207 1 12.6 12.9 14.0 3.5 4 1 4 2 2
5045.4 1649.4 95.9 207 1 17.8 12.2 14.0 3.5 2 0 4 4 4
5055.4 1671.3 93.3 208 0 16.4 15.6 14.0 3.5 2 0 4 5 5
4991.4 1604.5 90.3 300 0 13.1 27.2 14.0 3.5 2 1 4 0 0
4975.0 1607.1 90.6 302 1 13.1 18.3 14.0 0.0 0 1 4 5 5
4962.1 1615.3 90.2 306 0 11.1 21.9 14.0 3.5 2 1 4 1 1
5372.7 1584.2 98.0 169 0 8.0 12.2 10.5 3.5 2 1 3 3 3
5369.1 1604.0 98.8 168 1 21.6 10.6 14.0 3.5 2 0 4 2 2
5339.4 1556.7 96.8 222 0 8.0 28.0 10.5 3.5 2 1 3 5 5
5329.3 1593.5 98.9 169 1 15.4 16.5 14.0 3.5 2 1 4 0 0
5314.4 1635.4 96.8 162 0 8.7 27.6 10.5 3.5 2 1 3 3 3
5371.0 1657.3 99.7 256 0 13.9 24.6 14.0 3.5 2 1 4 5 5
5403.1 1617.1 99.3 349 1 13.7 14.7 14.0 3.5 2 1 4 3 3
5422.2 1645.8 99.3 340 0 14.0 23.1 14.0 0.0 0 1 4 3 3
5417.8 1657.3 99.4 341 0 9.4 17.6 10.5 3.5 2 1 3 1 1
5555.1 1481.9 98.0 139 1 10.0 17.0 14.0 0.0 0 1 4 4 4
5526.1 1532.9 97.8 260 1 12.8 18.1 14.0 3.5 2 1 4 1 1
5599.7 1492.0 97.3 138 1 13.8 15.3 14.0 3.5 2 1 4 5 5
5591.6 1545.4 96.6 231 0 8.3 19.6 10.5 3.5 2 1 3 3 3
5609.2 1552.0 96.2 229 1 10.3 18.5 14.0 0.0 0 1 4 0 0
5624.3 1557.8 95.6 230 0 15.7 20.5 14.0 3.5 2 1 4 1 1
5684.7 1519.5 95.5 52 0 12.4 22.3 14.0 3.5 2 1 4 0 0
5705.4 1502.2 95.9 50 0 10.3 25.0 14.0 3.5 2 1 4 1 1
5679.6 1442.8 97.1 49 0 12.2 16.0 14.0 3.5 2 1 4 4 4
5707.8 1468.3 96.4 49 1 14.9 12.8 14.0 3.5 4 0 4 4 4
5698.5 1457.3 96.7 50 0 14.3 24.0 14.0 3.5 2 1 4 1 1
5652.1 1414.7 97.8 49 0 7.6 21.2 10.5 3.5 4 1 3 1 1
5615.5 1422.4 98.0 140 0 12.2 17.7 14.0 3.5 4 1 4 5 5
5374.3 1123.6 93.3 43 0 15.8 16.1 14.0 3.5 2 1 4 4 4
5366.0 1179.8 90.7 319 1 11.2 22.6 14.0 3.5 2 1 4 0 0
5341.7 1168.1 90.8 315 0 25.8 9.7 10.5 3.5 2 0 3 4 4
5358.6 1195.0 90.2 312 0 8.1 13.1 10.5 0.0 0 1 3 1 1
5292.7 1152.2 88.0 208 1 12.0 18.3 14.0 3.5 4 1 4 0 0
5344.2 1208.5 89.8 315 1 12.6 14.2 14.0 3.5 2 1 4 1 1
5335.3 1223.6 89.5 317 0 18.3 21.1 14.0 3.5 2 1 4 2 2
5392.6 1294.1 90.5 219 0 7.2 36.4 10.5 3.5 2 1 3 1 1
5385.2 1279.0 90.5 220 0 7.7 23.0 10.5 3.5 2 1 3 4 4
5321.6 1236.1 88.7 318 1 15.3 14.1 14.0 3.5 2 0 4 3 3
5265.1 1218.5 85.7 251 0 19.0 15.9 14.0 3.5 4 0 4 4 4
5279.0 1187.0 87.8 113 1 10.4 11.9 14.0 3.5 4 1 4 4 4
5326.4 1103.1 85.4 56 1 10.6 20.8 14.0 0.0 0 1 4 5 5
5290.2 1095.5 92.3 58 0 9.2 15.5 10.5 3.5 2 1 3 0 0
5269.3 1090.4 93.1 102 0 11.8 21.9 14.0 3.5 2 1 4 5 5
5278.4 1144.9 91.1 257 0 14.7 20.4 14.0 3.5 2 1 4 5 5
5261.4 1145.6 90.0 277 1 11.3 12.6 14.0 3.5 4 1 4 5 5
5240.9 1140.5 89.0 288 1 14.6 11.4 14.0 3.5 2 0 4 2 2
5228.4 1145.4 88.1 290 0 10.0 28.2 10.5 3.5 2 1 3 0 0
5211.3 1155.4 86.4 286 1 14.5 15.4 14.0 3.5 2 1 4 1 1
5254.4 1084.6 92.2 55 0 9.9 21.0 10.5 0.0 0 1 3 3 3
5239.6 1083.0 92.0 56 1 14.5 15.6 14.0 0.0 0 1 4 4 4
5107.5 1312.0 76.9 270 0 12.9 9.2 10.5 3.5 2 0 3 3 3
5053.3 1316.5 71.5 272 0 9.3 17.8 10.5 3.5 2 1 3 3 3
5016.0 1318.8 69.3 271 1 13.2 15.3 14.0 3.5 2 1 4 1 1
4999.9 1321.8 67.9 270 1 12.3 17.4 14.0 3.5 2 1 4 1 1
4907.6 1467.5 69.8 286 1 10.0 17.9 14.0 3.5 2 1 4 3 3
4985.2 1320.7 67.0 271 0 8.8 19.9 10.5 0.0 0 1 3 4 4
4958.6 1314.7 66.4 182 1 16.1 14.0 14.0 3.5 2 0 4 1 1
5079.5 1250.5 74.7 89 1 13.4 12.3 14.0 3.5 2 0 4 4 4
4984.9 1250.8 72.5 96 0 20.2 15.6 14.0 3.5 2 0 4 1 1
4967.6 1276.5 70.0 162 0 16.5 19.2 14.0 3.5 4 1 4 4 4
5011.3 1413.6 74.1 294 0 12.0 21.0 14.0 3.5 2 1 4 5 5
5021.6 1359.0 72.8 102 1 18.5 12.6 14.0 3.5 2 0 4 4 4
5001.0 1356.4 70.9 83 1 11.9 12.7 14.0 3.5 2 1 4 2 2
4927.4 1363.4 65.2 100 1 11.1 18.2 14.0 0.0 0 1 4 1 1
4972.8 1436.3 72.4 323 0 9.6 18.3 10.5 0.0 0 1 3 5 5
4924.1 1462.0 70.3 290 1 13.5 17.8 14.0 0.0 0 1 4 5 5
4896.4 1479.7 70.2 288 0 10.4 17.6 14.0 3.5 2 1 4 2 2
4876.6 1487.2 69.5 290 0 14.4 19.9 14.0 0.0 0 1 4 3 3
4883.0 1364.6 60.7 91 1 16.5 11.2 14.0 3.5 2 0 4 4 4
5187.1 1644.9 91.2 182 1 11.0 21.5 14.0 3.5 2 1 4 4 4
5173.3 1651.2 89.6 123 0 8.2 11.2 10.5 3.5 2 1 3 0 0
5280.5 1660.9 92.2 71 0 26.9 12.1 14.0 3.5 2 0 4 1 1
5305.9 1666.7 92.2 72 0 17.5 14.8 14.0 3.5 4 0 4 3 3
5231.0 1750.8 82.2 187 1 10.2 14.3 14.0 3.5 4 1 4 3 3
5299.3 1732.9 88.4 101 0 17.8 9.0 10.5 3.5 2 0 3 1 1
5290.8 1806.5 87.9 204 0 9.6 22.1 10.5 0.0 0 1 3 0 0
5162.7 1661.1 89.2 122 0 18.7 8.6 10.5 0.0 0 0 3 0 0
5018.3 1753.0 86.4 120 0 9.7 12.0 10.5 3.5 2 1 3 1 1
5006.7 1761.7 85.9 120 1 15.8 14.6 14.0 3.5 4 0 4 4 4
4899.8 1396.1 64.9 109 1 10.7 19.8 14.0 3.5 2 1 4 4 4
5018.4 1829.2 87.1 150 1 12.5 12.4 14.0 0.0 0 0 4 5 5
5029.8 1853.8 86.0 240 0 8.3 18.7 10.5 3.5 2 1 3 3 3
4979.9 1824.4 92.8 32 1 11.8 19.5 14.0 3.5 2 1 4 1 1
4931.4 1810.7 91.3 120 1 16.7 15.8 14.0 3.5 2 0 4 4 4
4912.8 1822.5 89.6 120 1 10.2 17.8 14.0 3.5 4 1 4 0 0
4834.7 1883.0 89.2 210 1 13.9 16.3 14.0 3.5 2 1 4 1 1
5019.3 1815.1 85.7 187 1 14.6 16.1 14.0 3.5 4 1 4 3 3
5230.7 1767.5 80.5 186 1 11.8 20.9 14.0 3.5 2 1 4 4 4
5228.1 1856.7 77.4 132 1 10.1 15.0 14.0 3.5 2 1 4 4 4
5264.0 1834.8 82.6 93 1 14.4 15.3 14.0 3.5 2 1 4 0 0
5328.9 1795.3 93.9 176 0 9.8 16.9 10.5 3.5 2 1 3 4 4
5401.5 1745.0 99.0 353 0 9.7 19.3 10.5 3.5 2 1 3 4 4
5360.1 1732.2 97.9 99 0 15.4 16.7 14.0 3.5 2 1 4 0 0
5367.6 1846.4 97.2 327 1 14.6 12.9 14.0 3.5 2 0 4 0 0
5390.2 1707.4 99.2 40 1 10.8 18.8 14.0 0.0 0 1 4 3 3
5402.0 1704.2 99.2 82 0 8.8 23.5 10.5 3.5 2 1 3 5 5
5393.8 1766.8 98.9 345 1 16.8 11.2 14.0 3.5 4 0 4 1 1
5386.1 1808.5 98.7 341 1 11.4 17.7 14.0 3.5 2 1 4 4 4
5378.5 1829.0 98.5 327 1 22.7 10.2 14.0 3.5 2 0 4 4 4
5326.6 1876.8 93.0 185 1 16.1 16.6 14.0 3.5 2 1 4 0 0
5355.0 1862.2 95.0 327 1 18.2 12.8 14.0 3.5 2 0 4 5 5
5316.3 1893.0 91.3 179 0 14.6 20.1 14.0 3.5 2 1 4 5 5
5308.3 1906.3 89.3 131 1 12.0 14.3 14.0 3.5 2 1 4 3 3
5270.1 1978.8 84.8 145 1 14.0 10.1 14.0 0.0 0 0 4 4 4
5249.9 2018.4 82.2 58 1 11.3 12.6 14.0 3.5 2 1 4 3 3
5030.0 1687.4 92.5 26 0 16.3 15.7 14.0 3.5 2 0 4 2 2
5016.8 1666.2 95.1 26 0 8.3 16.1 10.5 3.5 2 1 3 0 0
4959.2 1670.4 97.3 119 1 11.4 12.6 14.0 0.0 0 1 4 5 5
4990.5 1731.0 91.2 295 0 8.4 22.8 10.5 3.5 2 1 3 4 4
4944.8 1681.9 95.8 122 0 12.1 21.3 14.0 3.5 2 1 4 3 3
4894.5 1719.8 96.3 120 1 13.5 13.2 14.0 3.5 4 0 4 1 1
4870.4 1731.6 96.5 131 0 12.9 17.4 14.0 3.5 2 1 4 3 3
4855.2 1736.4 95.0 118 0 14.1 21.8 14.0 3.5 2 1 4 3 3
4849.0 1759.3 96.3 85 1 10.9 18.3 14.0 3.5 2 1 4 2 2
4872.6 1801.2 92.8 294 0 16.1 19.8 14.0 3.5 2 1 4 4 4
4893.3 1796.0 91.7 293 0 8.9 20.1 10.5 3.5 2 1 3 5 5
4931.8 1764.1 95.3 296 0 5.9 12.0 10.5 0.0 0 1 3 5 5
4945.9 1755.6 94.1 295 0 7.2 22.0 10.5 3.5 2 1 3 4 4
4793.3 1799.3 92.0 204 1 16.6 16.1 14.0 0.0 0 0 4 0 0
4821.1 1816.9 94.9 204 1 11.4 14.8 14.0 3.5 2 1 4 3 3
4821.6 1768.0 93.7 117 0 8.4 16.2 10.5 3.5 2 1 3 1 1
4927.3 1647.4 90.9 308 0 9.9 23.6 10.5 3.5 2 1 3 2 2
4908.9 1658.6 91.7 302 1 14.1 17.8 14.0 3.5 2 1 4 3 3
4894.8 1668.1 91.4 301 1 14.0 16.5 14.0 3.5 2 1 4 1 1
4884.5 1676.7 91.3 303 1 11.4 12.6 14.0 3.5 2 1 4 0 0
4871.7 1686.8 89.8 296 1 10.2 13.6 14.0 3.5 2 1 4 2 2
4844.3 1704.2 86.6 300 0 7.7 18.1 10.5 3.5 2 1 3 4 4
4829.3 1715.5 86.9 298 1 14.3 12.0 14.0 3.5 2 0 4 4 4
4813.9 1725.8 85.1 297 1 16.0 15.1 14.0 3.5 2 0 4 3 3
4785.0 1741.4 82.1 308 0 14.6 18.6 14.0 3.5 2 1 4 2 2
4769.2 1746.8 81.4 313 1 14.6 13.1 14.0 3.5 2 0 4 1 1
4759.9 1762.4 82.0 325 1 15.3 12.5 14.0 3.5 2 0 4 0 0
4773.1 1818.6 89.5 22 0 18.2 15.7 14.0 3.5 2 0 4 5 5
4796.2 1846.4 95.3 27 1 12.6 18.1 14.0 3.5 2 1 4 5 5
4764.4 1883.0 94.2 293 1 10.2 23.0 14.0 3.5 4 1 4 0 0
4749.3 1846.1 90.7 54 1 13.9 17.8 14.0 3.5 2 1 4 4 4
4729.9 1813.4 82.8 348 1 18.6 11.9 14.0 0.0 0 0 4 4 4
4758.8 1896.9 94.9 315 0 7.6 21.4 10.5 3.5 2 1 3 0 0
4718.1 1900.7 91.5 205 1 21.1 11.1 14.0 3.5 2 0 4 4 4
4685.2 1868.5 81.7 183 1 11.6 17.4 14.0 3.5 4 1 4 0 0
4828.0 1983.1 90.8 27 0 15.4 10.2 10.5 3.5 2 0 3 3 3
4772.9 2049.7 96.4 320 0 24.6 10.8 10.5 3.5 2 0 3 5 5
4689.8 2073.8 101.0 116 0 11.7 15.2 10.5 0.0 0 1 3 1 1
4759.1 2127.0 94.9 320 0 16.1 13.7 10.5 3.5 2 0 3 5 5
4748.5 2138.4 95.8 336 0 10.5 15.1 10.5 3.5 2 1 3 2 2
4735.5 2180.8 95.4 319 0 13.8 17.5 10.5 3.5 2 1 3 3 3
4725.7 2195.5 95.6 321 0 16.4 9.8 10.5 3.5 2 0 3 2 2
4639.6 2119.0 100.7 137 0 13.4 14.2 10.5 3.5 2 1 3 0 0
4661.2 2215.0 98.8 235 0 13.7 20.5 10.5 3.5 2 1 3 1 1
4621.4 2159.5 100.4 211 0 11.0 18.9 10.5 3.5 2 1 3 3 3
4695.8 2041.9 101.8 161 0 23.9 11.6 10.5 3.5 2 0 3 5 5
4726.7 2000.2 99.6 123 0 6.6 16.3 10.5 3.5 2 1 3 4 4
4737.4 1985.9 98.1 122 0 8.7 21.6 10.5 0.0 0 1 3 2 2
4750.4 1980.2 94.9 212 0 11.6 19.0 10.5 3.5 4 1 3 2 2
4765.0 1992.0 95.7 140 0 20.3 11.5 10.5 0.0 0 0 3 4 4
4883.6 1537.1 78.4 117 0 9.0 14.7 10.5 3.5 2 1 3 3 3
4867.9 1541.1 77.7 118 1 10.0 20.8 14.0 3.5 2 1 4 4 4
4854.3 1547.9 77.1 120 0 12.7 9.4 10.5 0.0 0 0 3 2 2
4834.8 1552.3 74.7 119 0 7.0 17.9 10.5 3.5 2 1 3 4 4
4808.7 1574.5 72.5 116 0 7.2 24.9 10.5 3.5 2 1 3 2 2
4802.5 1582.3 72.0 104 0 9.3 14.1 10.5 3.5 2 1 3 5 5
4781.6 1589.0 69.7 119 0 7.8 22.9 10.5 0.0 0 1 3 3 3
4803.6 1667.7 76.5 297 0 20.2 18.6 14.0 3.5 2 0 4 1 1
4793.0 1687.7 78.3 299 1 20.2 11.6 14.0 3.5 2 0 4 3 3
4731.8 1615.4 63.8 119 1 13.5 17.3 14.0 3.5 2 1 4 4 4
4713.7 1619.1 62.3 122 1 12.6 21.4 14.0 3.5 2 1 4 4 4
4730.2 1650.5 67.4 117 0 5.7 20.0 10.5 3.5 2 1 3 3 3
4721.0 1658.7 66.8 114 0 13.6 21.7 14.0 3.5 2 1 4 1 1
4742.3 1697.9 72.2 300 1 16.7 10.5 14.0 3.5 2 0 4 2 2
4875.4 1628.3 85.0 297 1 11.7 16.8 14.0 3.5 2 1 4 4 4
4888.0 1584.9 84.1 115 0 17.5 11.7 14.0 3.5 2 0 4 4 4
4652.6 1670.1 56.2 121 1 12.5 20.8 14.0 3.5 2 1 4 3 3
4596.6 1720.6 51.1 222 0 17.6 19.9 14.0 0.0 0 1 4 2 2
4565.5 1662.0 47.0 299 1 14.3 16.6 14.0 3.5 2 1 4 2 2
4550.6 1634.3 45.2 211 1 15.7 13.0 14.0 3.5 2 0 4 4 4
4524.8 1583.8 49.9 210 1 10.4 19.1 14.0 3.5 2 1 4 2 2
4509.9 1565.8 51.8 211 1 10.3 17.9 14.0 3.5 2 1 4 5 5
4562.7 1594.0 51.9 194 0 10.7 14.9 14.0 3.5 2 1 4 3 3
4606.4 1636.1 50.0 286 0 9.8 22.3 10.5 3.5 2 1 3 5 5
4611.9 1618.4 52.7 286 1 10.7 19.8 14.0 3.5 2 1 4 1 1
4634.5 1605.5 57.4 286 0 6.2 26.6 10.5 3.5 2 1 3 5 5
4682.4 1585.6 60.4 289 1 13.9 12.5 14.0 3.5 2 0 4 0 0
4694.9 1570.4 60.0 286 1 15.7 15.8 14.0 3.5 2 1 4 5 5
4711.1 1549.1 59.4 293 0 14.3 19.3 14.0 3.5 4 1 4 1 1
4719.4 1575.1 60.4 286 1 11.9 17.1 14.0 3.5 2 1 4 3 3
4613.1 1534.4 58.3 104 0 13.2 21.9 14.0 3.5 2 1 4 5 5
4591.8 1646.5 48.8 285 0 10.4 26.0 14.0 3.5 2 1 4 1 1
4709.5 1486.4 58.1 105 1 11.2 16.2 14.0 3.5 2 1 4 0 0
4716.2 1506.2 58.8 104 1 10.7 16.2 14.0 3.5 2 1 4 1 1
4734.7 1498.6 58.8 105 1 11.9 14.6 14.0 3.5 2 1 4 4 4
4656.6 1377.2 59.9 96 1 12.7 17.3 14.0 3.5 2 1 4 3 3
4677.8 1333.0 70.3 182 0 8.5 19.3 10.5 3.5 2 1 3 2 2
4694.8 1384.1 58.9 109 0 16.3 8.6 10.5 0.0 0 0 3 4 4
4793.5 1270.3 76.2 321 0 20.1 14.1 14.0 3.5 2 0 4 4 4
4788.9 1318.6 67.2 91 1 11.1 14.2 14.0 3.5 2 1 4 5 5
4800.7 1315.3 65.1 91 0 8.5 16.6 10.5 3.5 2 1 3 5 5
4688.5 1756.8 68.6 230 1 14.9 15.9 14.0 3.5 2 1 4 5 5
4632.9 1775.5 57.6 206 0 16.3 18.3 14.0 3.5 2 1 4 0 0
4644.6 1743.7 56.3 239 1 13.2 15.8 14.0 3.5 2 1 4 1 1
4604.3 1586.0 57.4 285 1 11.8 18.7 14.0 3.5 2 1 4 3 3
4752.1 1555.6 60.3 313 1 10.3 16.1 14.0 3.5 2 1 4 5 5
4777.9 1535.0 62.6 288 0 11.4 9.2 10.5 3.5 2 0 3 0 0
4787.2 1427.5 56.5 288 0 9.4 22.0 10.5 0.0 0 1 3 0 0
4721.5 1452.2 56.5 286 0 9.1 18.2 10.5 3.5 2 1 3 1 1
4835.9 1285.9 69.1 357 0 8.6 20.8 10.5 3.5 2 1 3 3 3
4849.9 1331.3 63.4 274 0 7.7 17.6 10.5 3.5 2 1 3 4 4
4846.7 1377.2 59.2 187 0 9.0 16.2 10.5 3.5 4 1 3 3 3
4860.5 1395.3 61.3 164 0 14.6 18.4 14.0 3.5 2 1 4 0 0
4825.7 1441.7 63.3 115 0 12.3 13.0 14.0 3.5 2 1 4 0 0
4864.1 1495.1 69.3 292 0 7.0 21.7 10.5 3.5 2 1 3 2 2
4619.1 1390.0 59.4 109 1 13.5 10.1 14.0 3.5 2 0 4 1 1
4620.0 1433.8 55.2 122 0 13.3 16.8 14.0 3.5 2 1 4 2 2
4661.7 1455.6 56.0 286 1 13.3 12.9 14.0 3.5 2 0 4 0 0
4557.1 1431.4 54.6 119 0 13.9 23.3 14.0 3.5 2 1 4 4 4
4502.7 1527.7 56.4 189 1 15.9 13.5 14.0 3.5 2 0 4 0 0
4488.6 1488.8 55.1 198 1 11.1 13.0 14.0 3.5 2 1 4 5 5
4518.3 1524.7 56.5 192 1 17.6 12.9 14.0 3.5 2 0 4 3 3
4801.6 1419.2 56.7 288 0 17.4 14.5 14.0 3.5 2 0 4 3 3
4818.7 1368.1 57.3 92 0 9.1 17.6 10.5 3.5 2 1 3 4 4
4840.2 1276.3 70.2 294 0 14.3 14.2 10.5 3.5 2 0 3 5 5
4887.3 1235.1 73.7 253 0 12.8 13.7 10.5 3.5 2 1 3 4 4
4867.4 1328.4 63.9 272 0 12.8 18.9 14.0 3.5 2 1 4 2 2
4884.5 1326.1 64.4 271 0 17.3 17.0 14.0 3.5 2 0 4 5 5
4905.6 1324.4 65.0 270 0 19.8 14.3 14.0 3.5 2 0 4 4 4
4892.5 1192.1 77.8 218 0 12.1 13.3 10.5 3.5 4 1 3 0 0
4915.7 1253.0 72.5 250 0 13.0 21.7 10.5 3.5 2 1 3 1 1
4893.4 1230.4 73.4 162 0 16.8 13.8 10.5 3.5 2 0 3 5 5
4947.6 1246.1 72.8 341 0 9.2 19.9 10.5 3.5 2 1 3 3 3
4956.8 1221.0 75.2 320 0 14.8 17.8 10.5 3.5 4 1 3 3 3
4731.8 1377.3 56.6 103 0 18.1 23.1 14.0 3.5 2 1 4 0 0
4712.2 1380.1 57.1 104 0 12.6 20.7 14.0 3.5 4 1 4 1 1
4883.7 1168.3 79.2 117 0 6.4 15.1 10.5 3.5 2 1 3 5 5
4910.1 1141.1 84.2 294 0 15.0 12.0 10.5 3.5 4 0 3 4 4
4923.4 1141.7 83.5 241 0 13.3 12.7 10.5 3.5 2 0 3 2 2
5005.7 1106.9 86.0 52 0 11.0 15.6 10.5 3.5 2 1 3 1 1
4999.0 1129.6 84.7 326 0 8.6 14.2 10.5 3.5 2 1 3 0 0
4974.5 1112.9 86.0 52 0 12.8 10.6 10.5 3.5 2 0 3 4 4
4947.5 1115.4 85.7 72 0 20.0 11.1 10.5 3.5 2 0 3 4 4
4961.6 1069.6 95.7 269 0 18.2 12.1 10.5 3.5 2 0 3 4 4
4981.9 1077.1 93.9 268 0 17.2 11.8 10.5 3.5 2 0 3 5 5
5049.4 1041.4 97.2 343 0 21.1 10.8 10.5 3.5 2 0 3 1 1
5030.2 1026.4 99.8 72 0 10.4 11.9 10.5 3.5 2 1 3 4 4
4979.8 1014.4 101.3 73 0 8.7 19.5 10.5 3.5 4 1 3 1 1
5076.0 1048.1 94.6 164 0 19.8 12.8 14.0 3.5 2 0 4 5 5
5063.7 1090.2 89.2 160 1 12.5 15.6 14.0 3.5 2 1 4 0 0
5116.2 1047.8 93.2 77 1 15.8 15.7 14.0 3.5 2 0 4 2 2
5163.4 1063.0 92.3 84 1 13.7 16.0 14.0 3.5 2 1 4 1 1
5085.4 1103.7 89.0 253 0 13.6 9.6 10.5 3.5 2 0 3 5 5
5121.0 1113.8 88.8 258 0 11.7 19.4 14.0 0.0 0 1 4 0 0
5151.6 1118.7 88.8 257 1 13.2 16.3 14.0 3.5 2 1 4 1 1
5056.2 1138.4 84.3 77 1 11.9 17.0 14.0 0.0 0 1 4 0 0
5071.6 1146.1 83.9 76 1 12.9 16.6 14.0 3.5 2 1 4 2 2
5016.6 1189.1 80.0 163 1 13.9 17.7 14.0 3.5 2 1 4 3 3
5010.8 1202.2 78.5 166 1 12.9 10.9 14.0 3.5 2 0 4 2 2
5090.9 1147.7 84.0 73 1 12.1 17.2 14.0 3.5 4 1 4 5 5
5013.4 1226.7 77.1 256 1 10.4 11.7 14.0 3.5 2 1 4 3 3
5056.8 1212.0 79.4 254 0 6.2 17.5 10.5 3.5 2 1 3 3 3
5069.7 1217.4 79.1 258 1 13.8 13.3 14.0 3.5 2 0 4 4 4
5123.3 1215.1 80.3 253 0 7.9 9.3 10.5 3.5 2 1 3 1 1
5140.1 1215.5 80.3 235 1 12.3 14.3 14.0 3.5 2 1 4 4 4
5200.1 1164.5 84.7 18 1 10.8 15.0 14.0 3.5 4 1 4 0 0
5189.4 1187.7 82.8 306 1 11.5 12.9 14.0 3.5 2 1 4 5 5
5135.2 1165.3 83.2 87 1 15.1 16.4 14.0 3.5 2 1 4 5 5
4918.2 1001.3 106.4 341 1 10.7 17.1 14.0 3.5 2 1 4 0 0
4893.8 988.7 106.2 69 1 15.6 12.8 14.0 3.5 2 0 4 0 0
4871.1 1038.5 105.5 257 0 15.0 18.2 14.0 0.0 0 1 4 4 4
4818.7 1061.5 104.2 143 0 13.4 16.4 5.0 2.5 2 1 2 2 2
4849.2 1089.6 98.9 270 0 11.3 15.7 7.5 2.5 4 1 3 5 5
4808.2 947.0 99.8 159 0 6.2 12.9 10.5 3.5 2 1 3 4 4
4800.3 1070.8 99.1 343 0 12.1 22.3 14.0 0.0 0 1 4 4 4
4764.4 1081.7 99.4 157 1 11.3 13.2 14.0 0.0 0 1 4 2 2
4757.7 1098.5 100.4 161 1 13.1 12.7 14.0 3.5 2 0 4 2 2
4738.4 1144.6 99.4 158 1 10.8 14.6 14.0 3.5 2 1 4 2 2
4732.4 1165.0 97.4 155 0 7.9 12.6 10.5 3.5 2 1 3 1 1
4720.4 1190.0 94.0 146 1 13.3 15.2 14.0 3.5 4 1 4 4 4
4697.3 1223.8 91.4 286 1 12.6 17.1 14.0 3.5 2 1 4 1 1
4677.7 1212.7 90.8 93 1 12.4 17.6 14.0 3.5 2 1 4 3 3
4676.4 1154.7 94.6 157 0 12.9 19.8 10.5 3.5 2 1 3 3 3
4686.3 1146.4 95.9 159 0 9.5 15.9 10.5 3.5 2 1 3 4 4
4692.5 1128.7 95.6 160 0 10.1 20.9 10.5 3.5 2 1 3 0 0
4705.4 1107.2 94.8 158 0 12.6 13.6 10.5 3.5 2 1 3 2 2
4740.5 1065.3 91.7 339 0 15.3 14.1 10.5 3.5 2 0 3 1 1
4753.1 1031.9 89.6 336 0 14.6 12.8 10.5 3.5 2 0 3 3 3
4758.0 1013.2 89.0 338 0 14.6 10.4 10.5 3.5 2 0 3 4 4
4789.5 937.1 96.6 336 0 11.5 13.1 10.5 3.5 2 1 3 0 0
4771.2 921.5 94.6 67 0 16.0 12.9 10.5 3.5 2 0 3 4 4
4757.0 913.7 93.6 68 0 12.6 11.2 10.5 3.5 2 0 3 0 0
4728.1 913.1 91.2 164 0 9.1 17.4 10.5 3.5 4 1 3 4 4
4700.0 1009.8 82.5 159 0 12.7 12.3 10.5 3.5 2 0 3 2 2
4677.6 1065.2 85.8 160 0 13.8 12.5 10.5 3.5 2 0 3 2 2
4672.7 966.7 80.5 155 0 7.9 12.4 10.5 3.5 2 1 3 0 0
4663.6 979.3 78.1 153 1 14.7 12.1 14.0 3.5 4 0 4 4 4
4654.2 1005.7 76.4 155 1 17.8 12.4 14.0 3.5 2 0 4 2 2
4626.9 1068.3 75.1 38 1 11.8 15.4 14.0 3.5 2 1 4 4 4
4630.8 1094.3 79.5 219 1 12.8 13.8 14.0 3.5 2 1 4 4 4
4601.0 864.8 89.1 338 1 10.3 19.0 14.0 3.5 2 1 4 2 2
4563.6 844.0 90.6 71 0 14.8 9.4 10.5 3.5 2 0 3 5 5
4540.8 839.2 90.6 69 1 17.6 10.1 14.0 3.5 4 0 4 3 3
4518.2 871.6 86.3 213 1 15.0 17.8 14.0 3.5 2 1 4 3 3
4513.8 834.2 90.7 72 0 20.4 9.5 10.5 3.5 2 0 3 4 4
4681.3 846.5 91.6 251 0 16.6 14.4 10.5 3.5 2 0 3 3 3
4666.5 846.4 93.3 252 0 9.7 14.4 10.5 3.5 2 1 3 1 1
4647.5 836.5 94.3 253 0 15.3 13.4 10.5 3.5 2 0 3 2 2
4625.1 827.6 95.0 254 0 21.1 11.4 10.5 3.5 4 0 3 3 3
4602.2 820.2 95.7 251 0 12.4 8.6 10.5 3.5 2 0 3 5 5
4624.6 798.7 86.8 237 0 16.0 9.3 10.5 3.5 2 0 3 3 3
4573.3 809.7 96.4 246 0 19.3 12.0 10.5 3.5 2 0 3 4 4
4575.1 763.7 85.8 88 0 13.5 10.5 10.5 3.5 2 0 3 0 0
4555.2 803.0 97.1 249 0 14.8 11.4 10.5 3.5 2 0 3 3 3
4527.3 793.9 97.8 250 0 20.1 16.6 10.5 3.5 2 0 3 0 0
4505.4 788.0 98.3 250 0 18.0 11.5 10.5 3.5 2 0 3 2 2
4486.6 747.4 94.9 74 0 15.8 11.8 10.5 3.5 2 0 3 0 0
4468.8 749.0 97.4 75 0 16.4 17.1 10.5 3.5 2 1 3 3 3
4413.6 734.2 96.0 82 0 8.2 16.4 10.5 3.5 2 1 3 5 5
4433.3 801.4 95.2 76 1 12.7 18.4 14.0 3.5 2 1 4 1 1
4359.4 802.2 96.8 117 1 18.9 13.8 14.0 3.5 2 0 4 5 5
4358.7 724.0 94.6 107 0 19.4 11.2 10.5 3.5 2 0 3 5 5
4315.1 881.0 90.3 319 1 15.4 15.9 14.0 3.5 2 1 4 1 1
4297.5 800.0 99.7 225 0 9.7 17.3 10.5 3.5 2 1 3 2 2
4272.3 820.9 99.0 37 1 15.0 14.9 14.0 3.5 2 0 4 3 3
4285.1 879.5 93.7 142 1 11.5 11.6 14.0 3.5 2 1 4 2 2
4237.3 843.0 96.3 58 0 15.4 18.6 14.0 3.5 2 1 4 4 4
4172.0 1008.1 90.8 216 0 9.5 16.5 10.5 3.5 2 1 3 4 4
4206.7 1037.9 88.8 213 1 12.0 18.8 14.0 3.5 2 1 4 0 0
4224.2 1046.4 84.4 205 0 15.8 17.7 14.0 3.5 4 1 4 5 5
4232.4 812.7 98.3 211 1 14.1 16.6 14.0 0.0 0 1 4 2 2
4217.1 763.4 90.9 110 0 19.6 18.7 14.0 3.5 2 0 4 1 1
4187.8 1089.2 70.9 61 1 11.7 19.3 14.0 3.5 4 1 4 2 2
4168.2 1073.1 80.3 21 1 13.1 11.3 14.0 3.5 2 0 4 0 0
4137.3 1111.8 72.8 201 1 10.2 19.4 14.0 3.5 2 1 4 3 3
4107.5 1099.1 79.2 221 1 12.6 12.8 14.0 3.5 2 1 4 5 5
4240.6 693.0 88.2 212 0 16.2 16.2 10.5 3.5 4 0 3 5 5
4236.3 672.9 85.6 217 0 14.6 12.7 10.5 3.5 2 0 3 2 2
4220.6 662.7 85.3 216 0 15.2 13.2 10.5 3.5 2 0 3 0 0
4199.3 635.4 82.3 214 0 14.1 11.3 10.5 3.5 2 0 3 4 4
4191.4 621.9 81.4 216 0 15.9 14.2 10.5 3.5 2 0 3 1 1
4256.1 725.1 94.1 194 0 7.6 18.1 10.5 3.5 2 1 3 3 3
4267.9 750.1 97.9 230 0 13.9 14.3 10.5 3.5 2 1 3 2 2
4284.6 782.4 101.9 218 0 18.9 12.5 10.5 3.5 2 0 3 2 2
4902.4 925.1 97.7 54 0 16.3 24.2 14.0 3.5 2 1 4 1 1
4948.1 926.4 96.6 12 1 10.6 13.1 14.0 3.5 2 1 4 4 4
5525.7 1570.3 97.0 65 0 14.2 19.4 14.0 3.5 2 1 4 2 2
5470.8 1634.0 98.5 256 1 15.8 10.8 14.0 3.5 2 0 4 1 1
5506.3 1641.6 98.0 257 1 14.8 13.9 14.0 3.5 2 0 4 5 5
5547.3 1663.7 97.0 210 1 13.4 15.8 14.0 3.5 2 1 4 5 5
5564.1 1581.9 96.0 57 1 12.2 18.5 14.0 3.5 2 1 4 1 1
5543.1 1576.1 96.5 66 0 14.0 27.9 14.0 3.5 2 1 4 3 3
5585.3 1634.8 96.0 17 0 15.5 16.6 14.0 3.5 2 1 4 5 5
5638.4 1632.6 93.8 199 0 14.6 25.1 14.0 3.5 2 1 4 1 1
5661.2 1678.9 93.8 214 0 15.5 18.5 14.0 3.5 4 1 4 1 1
5662.2 1697.0 93.8 200 0 14.3 22.8 14.0 3.5 2 1 4 5 5
5674.2 1728.7 90.1 200 0 11.9 23.7 14.0 0.0 0 1 4 1 1
5688.3 1583.2 93.9 197 0 9.7 17.6 10.5 3.5 2 1 3 2 2
5658.4 1546.4 95.4 229 1 18.1 13.0 14.0 3.5 2 0 4 1 1
5734.0 1544.7 94.0 51 0 7.7 24.2 10.5 3.5 2 1 3 1 1
5878.4 1536.0 90.2 140 0 9.8 18.6 10.5 3.5 2 0 3 1 1
5722.5 1481.5 96.1 52 0 12.3 9.2 10.5 3.5 2 0 3 1 1
5806.5 1545.2 93.9 49 1 12.9 11.2 14.0 3.5 2 0 4 4 4
5796.0 1555.6 92.9 46 0 7.4 19.1 10.5 3.5 2 1 3 2 2
5766.2 1592.6 92.0 49 0 7.1 14.5 10.5 3.5 2 1 3 1 1
5842.5 1570.9 93.4 49 0 14.2 23.4 14.0 3.5 2 1 4 0 0
5824.1 1592.3 92.1 50 0 13.6 26.2 14.0 3.5 2 1 4 0 0
4904.4 746.7 93.4 337 0 15.9 14.9 10.5 3.5 2 0 3 0 0
4879.9 648.5 85.8 166 0 16.3 13.4 10.5 3.5 4 0 3 5 5
4881.3 671.3 87.6 177 0 9.6 11.3 10.5 3.5 4 1 3 5 5
4861.7 650.0 75.6 351 0 14.9 11.5 10.5 3.5 2 0 3 3 3
4900.4 584.7 77.3 143 1 13.8 16.4 14.0 3.5 2 1 4 4 4
4937.4 646.6 88.6 213 0 8.2 19.2 10.5 3.5 2 1 3 0 0
4943.9 684.9 92.9 179 0 11.9 18.9 14.0 0.0 0 1 4 4 4
4990.9 731.2 84.0 354 0 34.4 13.3 14.0 0.0 0 0 4 0 0
4931.3 773.6 87.5 176 0 13.5 19.4 14.0 3.5 2 1 4 3 3
4950.6 839.1 90.7 173 1 15.7 10.5 14.0 3.5 2 0 4 2 2
4956.7 858.2 91.4 191 1 14.9 13.7 14.0 0.0 0 0 4 4 4
4963.9 893.8 93.8 196 1 14.6 16.8 14.0 3.5 2 1 4 2 2
4980.8 932.9 95.9 199 1 14.3 11.9 14.0 3.5 2 0 4 3 3
4982.2 965.6 99.1 191 0 19.1 20.9 14.0 3.5 2 1 4 4 4
5014.4 957.3 99.3 62 0 13.4 19.6 14.0 3.5 2 1 4 2 2
5044.8 990.9 100.1 250 1 11.1 20.4 14.0 3.5 2 1 4 3 3
5050.4 939.6 94.6 114 0 9.5 23.5 10.5 0.0 0 1 3 1 1
6033.8 7529.5 -115.8 114 0 8.8 7.3 10.5 3.5 2 0 3 4 4
5940.7 7600.2 -115.9 117 0 11.0 9.1 10.5 3.5 2 0 3 2 2
5931.8 7577.8 -112.1 125 0 10.3 11.0 17.5 3.5 2 1 5 3 3
5908.6 7464.1 -101.0 158 0 10.8 10.7 17.5 3.5 2 0 5 1 1
6019.4 7571.5 -116.7 299 0 16.7 10.3 17.5 3.5 2 0 5 4 4
5973.8 7625.3 -118.2 307 0 15.3 10.3 17.5 3.5 2 0 5 1 1
5970.7 7559.9 -112.0 114 0 9.9 23.8 10.5 3.5 2 1 3 0 0
1274.7 6265.7 82.4 131 0 27.6 9.3 10.5 3.5 4 0 3 4 4
4213.0 1.1 -103.2 356 0 11.2 5.3 10.5 3.5 2 0 3 3 3
4108.0 28.6 -92.9 71 0 8.9 12.8 10.5 3.5 2 1 3 3 3
4123.3 46.5 -93.0 250 0 29.3 12.2 10.5 0.0 0 0 3 4 4
-1869.5 -4204.6 105.0 96 0 11.0 13.0 7.5 2.5 2 1 3 0 0
-3544.0 6959.1 -110.3 174 0 12.8 34.8 14.0 3.5 2 1 4 4 4
-4058.4 6575.7 -105.5 130 0 15.3 46.9 14.0 3.5 2 1 4 2 2
-3751.6 6759.7 -112.7 180 0 12.8 7.0 7.5 2.5 2 0 3 3 3
-3550.5 6920.2 -112.4 126 0 15.9 14.2 14.0 3.5 2 0 4 5 5
-4007.4 6611.7 -106.1 41 0 19.1 14.0 14.0 3.5 2 0 4 1 1
2635.8 4667.5 66.7 121 0 9.6 27.4 10.5 3.5 2 1 3 3 3
2626.2 -3617.5 92.4 72 0 6.4 12.5 7.5 2.5 2 1 3 0 0
2594.6 -3547.0 99.3 335 0 26.8 18.0 10.0 2.5 2 0 4 5 5
-4629.6 9320.6 -104.2 185 0 7.0 7.3 7.5 2.5 2 1 3 4 4
-4640.5 9309.0 -102.1 206 0 7.1 11.8 5.0 0.0 0 1 2 3 3
-4670.7 9044.4 -104.5 100 0 4.9 10.5 7.5 2.5 2 1 3 2 2
-4526.5 9458.7 -106.5 193 0 10.2 6.4 5.0 2.5 2 0 2 5 5
-4679.0 9097.9 -103.8 190 0 7.9 7.2 7.5 2.5 2 0 3 0 0
-4507.6 9437.2 -113.4 127 0 8.1 7.5 7.5 2.5 2 0 3 0 0
-4111.3 9599.6 -77.0 288 0 5.4 8.1 5.0 2.5 2 1 2 5 5
-4141.6 9538.7 -99.8 119 0 5.8 8.3 5.0 2.5 2 1 2 1 1
6239.6 2047.7 107.2 75 0 39.0 11.9 14.0 3.5 2 0 4 3 3
6286.5 2063.8 109.3 76 0 32.9 21.5 14.0 0.0 0 0 4 4 4
5788.4 1740.1 83.5 325 0 17.2 16.0 14.0 0.0 0 0 4 0 0
5799.3 1725.9 85.7 325 0 13.6 29.7 14.0 3.5 2 0 4 2 2
5749.5 1754.5 82.4 324 0 10.1 17.7 14.0 3.5 2 1 4 2 2
6517.2 2276.8 99.5 100 0 8.4 14.5 10.5 3.5 2 1 3 4 4
5767.6 1771.7 81.5 325 0 28.3 17.9 14.0 3.5 2 0 4 2 2
5745.3 1722.7 86.0 326 0 7.3 8.0 10.5 3.5 2 0 3 1 1
5801.5 1698.0 87.4 326 0 7.1 11.6 10.5 3.5 2 1 3 4 4
5798.2 1953.0 72.0 345 0 22.0 22.1 10.5 0.0 0 1 3 2 2
5774.5 1709.6 85.7 325 0 17.2 11.1 14.0 3.5 2 0 4 1 1
5769.0 1740.1 83.8 326 0 12.5 29.4 14.0 3.5 2 0 4 2 2
6631.7 2181.5 104.2 282 0 18.8 10.6 14.0 3.5 2 0 4 3 3
-1548.5 7844.2 -112.1 175 0 13.8 17.8 14.0 0.0 0 1 4 4 4
-1024.1 5737.5 102.3 271 0 8.5 7.1 10.5 3.5 2 0 3 2 2
-1605.3 7727.7 -114.9 170 0 23.7 9.7 10.5 3.5 2 0 3 2 2
-1718.6 9517.3 -109.5 161 0 17.6 14.7 10.5 3.5 2 0 3 1 1
-1707.8 9407.2 -117.5 321 0 36.3 4.3 10.5 3.5 2 0 3 3 3
5265.4 1050.3 96.9 256 0 13.5 21.0 14.0 3.5 4 1 4 3 3
5195.5 1031.2 97.0 255 0 12.2 8.6 10.5 3.5 4 0 3 1 1
5178.9 994.9 100.6 98 1 10.5 14.3 14.0 3.5 2 1 4 3 3
5268.8 1001.3 96.3 346 0 10.0 21.3 10.5 3.5 2 1 3 5 5
-1752.8 9524.5 -112.0 175 0 7.3 13.1 10.5 3.5 2 1 3 2 2
-1686.5 9431.9 -117.3 133 0 9.7 9.2 10.5 3.5 2 0 3 2 2
-1606.0 9331.8 -117.8 171 0 5.2 18.3 3.5 2.5 2 0 1 3 3
-1606.9 9337.7 -117.9 172 0 6.8 19.2 7.0 2.5 2 0 2 2 2
-1604.7 9427.0 -119.9 262 0 9.7 23.4 10.5 3.5 2 0 3 3 3
-1618.3 9412.9 -119.6 172 0 19.2 10.8 14.0 3.5 2 0 4 1 1
3493.8 4274.6 72.9 269 0 20.1 20.3 12.5 2.5 2 1 5 4 4
-1236.3 6615.7 -102.2 232 0 22.3 12.6 14.0 3.5 2 0 4 1 1
-1209.2 6611.4 -101.5 321 0 10.6 17.9 14.0 3.5 2 1 4 4 4
-1218.7 6570.0 -102.1 143 0 29.1 7.9 10.5 3.5 2 0 3 5 5
3349.7 -11104.7 26.3 104 0 13.4 9.4 10.5 3.5 2 0 3 1 1
