-5229.1 -9046.2 -52.7 338 0 47.0 30.0 7.0 0.0 0 0 2 2 2
-5284.3 -9068.7 -49.7 158 0 18.5 8.3 7.0 3.5 2 0 2 1 1
-5277.2 -8692.5 -63.1 141 0 17.4 30.7 10.5 0.0 0 0 3 4 4
2888.5 -11414.5 -54.9 276 0 8.5 9.5 10.5 3.5 2 1 3 2 2
-4636.4 -11063.0 41.7 9 0 101.0 100.9 17.5 0.0 0 0 5 1 1
2756.4 -11385.5 -51.2 197 0 34.3 60.0 10.5 0.0 0 1 3 2 2
-5424.8 -9118.9 -41.7 36 0 12.0 48.7 7.0 3.5 4 1 2 3 3
-5469.6 -9145.4 -42.4 128 0 29.9 20.6 3.5 0.0 0 0 1 4 4
-5442.6 -9168.9 -42.6 129 0 14.5 37.9 14.0 3.5 4 1 4 2 2
-4556.0 -9344.4 -39.9 284 0 18.7 31.8 14.0 3.5 4 1 4 2 2
-4685.6 -9359.9 -38.8 308 0 11.5 34.4 28.0 0.0 0 1 8 1 1
-2538.7 -10014.1 -51.7 161 0 4.8 10.4 3.5 3.5 2 1 1 3 3
-2552.5 -10006.4 -53.3 305 0 13.7 21.8 14.0 3.5 2 0 4 3 3
-3774.4 -9952.8 -55.7 2 0 6.1 7.7 10.5 3.5 2 1 3 1 1
-2516.6 -9938.5 -58.5 235 0 43.0 14.3 14.0 3.5 2 0 4 3 3
1115.5 -10958.3 -52.2 17 0 16.9 14.4 14.0 3.5 2 0 4 5 5
1069.3 -10980.8 -49.7 130 0 12.3 6.1 10.5 3.5 4 0 3 2 2
1091.8 -10932.8 -52.8 285 0 22.2 26.6 14.0 3.5 2 1 4 2 2
1118.8 -11080.1 -54.1 317 0 19.3 4.8 10.5 3.5 2 0 3 3 3
1523.8 -11034.6 -53.3 271 0 49.0 10.8 14.0 3.5 2 0 4 2 2
3472.6 -11279.5 -47.1 240 0 14.3 14.6 14.0 3.5 2 1 4 3 3
-2147.4 -11277.4 -52.0 10 0 39.5 11.6 17.5 3.5 2 0 5 1 1
-2128.4 -11183.6 -55.0 12 0 19.4 6.6 10.5 3.5 2 0 3 4 4
-2190.3 -11171.3 -53.0 190 0 27.5 14.6 17.5 3.5 2 0 5 1 1
-4701.4 -10939.5 43.8 318 0 4.7 10.8 10.5 3.5 2 1 3 4 4
1055.8 -11018.7 -51.6 313 0 32.9 31.9 14.0 0.0 0 0 4 5 5
-1786.6 -10980.7 -51.9 11 0 17.0 43.1 10.5 3.5 4 0 3 1 1
-1860.8 -10946.3 -55.1 10 0 16.3 23.0 10.5 3.5 4 0 3 0 0
-1591.5 -10900.8 -50.2 99 0 30.1 12.8 28.0 0.0 0 0 8 5 5
-1602.0 -10876.0 -51.5 189 0 10.2 23.1 7.0 3.5 2 0 2 2 2
-1554.9 -10908.0 -48.5 102 0 13.1 15.0 10.5 3.5 2 1 3 1 1
-1886.0 -10902.7 -55.9 10 0 11.6 9.1 3.5 3.5 4 0 1 4 4
-1726.7 -10961.9 -47.7 281 0 12.3 27.2 10.5 3.5 2 0 3 3 3
-1739.5 -10959.6 -48.6 280 0 13.7 26.1 10.5 3.5 2 0 3 3 3
-1761.9 -10975.8 -49.3 190 0 39.8 12.2 14.0 3.5 4 0 4 1 1
-1854.3 -11022.1 -50.5 190 0 7.1 21.0 7.0 3.5 2 0 2 1 1
-1856.4 -11033.9 -50.2 189 0 15.8 20.5 14.0 3.5 2 1 4 5 5
-1782.7 -11039.2 -48.2 11 0 25.9 29.2 17.5 0.0 0 1 5 1 1
-1773.4 -11035.0 -46.5 191 0 36.9 6.6 10.5 3.5 4 0 3 3 3
-1749.8 -11037.6 -45.8 11 0 40.8 9.4 10.5 3.5 4 0 3 0 0
-1745.4 -11037.9 -44.6 191 0 41.6 10.2 10.5 3.5 4 0 3 1 1
-1894.0 -10972.7 -54.7 100 0 25.5 18.1 3.5 3.5 2 0 1 3 3
-1879.2 -10977.8 -53.8 280 0 25.5 8.8 3.5 3.5 2 0 1 3 3
-1897.8 -10932.6 -56.1 279 0 15.5 15.2 10.5 3.5 2 0 3 1 1
-1919.7 -10950.4 -56.6 190 0 42.1 10.5 14.0 3.5 2 0 4 5 5
-1948.4 -11121.0 -50.0 190 0 8.7 25.9 10.5 3.5 2 0 3 4 4
-2009.8 -11142.7 -51.9 280 0 16.9 31.7 17.5 3.5 4 1 5 4 4
-1946.7 -11112.0 -50.3 191 0 10.1 22.9 7.0 3.5 4 0 2 5 5
-1940.6 -11087.8 -51.4 191 0 16.6 16.1 14.0 3.5 2 0 4 2 2
-1936.8 -11066.6 -52.1 190 0 10.3 17.1 14.0 3.5 4 1 4 3 3
-1497.4 -11020.2 -35.3 336 0 17.8 17.3 14.0 0.0 0 0 4 2 2
-1517.9 -10998.3 -36.4 279 0 6.5 32.6 10.5 3.5 2 0 3 2 2
-1526.1 -10997.0 -37.0 278 0 7.1 26.0 3.5 0.0 0 0 1 4 4
-1625.6 -11037.2 -37.9 189 0 12.9 17.3 10.5 3.5 4 1 3 4 4
-1665.6 -11082.9 -35.9 10 0 13.0 21.0 10.5 3.5 4 1 3 0 0
-1894.0 -11130.1 -48.6 10 0 9.0 26.4 7.0 3.5 2 0 2 3 3
-1892.5 -11121.4 -49.1 10 0 9.0 28.2 7.0 3.5 2 0 2 0 0
-1869.0 -10993.8 -53.2 11 0 10.5 18.7 7.0 3.5 4 0 2 5 5
-1848.1 -11058.5 -49.1 280 0 12.8 12.2 3.5 3.5 2 0 1 1 1
-1857.1 -11057.0 -49.1 280 0 5.7 12.1 7.0 3.5 2 0 2 0 0
-1929.9 -11026.3 -53.4 190 0 9.1 18.2 7.0 3.5 2 0 2 1 1
-1930.2 -11027.7 -53.3 190 0 6.1 18.2 10.5 3.5 4 0 3 2 2
-1854.7 -11177.5 -42.1 190 0 23.0 12.5 10.5 3.5 4 0 3 3 3
-1827.3 -11170.4 -40.3 280 0 14.8 24.2 3.5 3.5 2 0 1 5 5
-1812.2 -11173.3 -38.6 279 0 12.0 30.5 14.0 3.5 4 1 4 0 0
-1886.8 -11091.0 -50.3 9 0 5.1 26.5 10.5 3.5 2 0 3 3 3
-1568.5 -10929.8 -45.4 280 0 11.5 20.0 10.5 3.5 2 0 3 5 5
-1890.9 -11112.6 -49.5 11 0 9.3 28.3 10.5 3.5 2 0 3 2 2
-1889.6 -11105.2 -49.7 10 0 5.7 28.2 7.0 3.5 2 0 2 2 2
-1888.1 -11097.9 -50.1 11 0 9.4 26.6 7.0 3.5 2 0 2 2 2
-1842.9 -11121.2 -46.1 101 0 21.0 11.1 10.5 3.5 4 0 3 2 2
-1847.9 -11124.0 -47.2 10 0 12.1 23.3 7.0 3.5 2 1 2 4 4
-1855.3 -11171.5 -44.7 10 0 16.3 24.6 7.0 3.5 2 1 2 4 4
-1882.5 -11182.4 -43.6 190 0 10.6 20.0 10.5 3.5 4 1 3 2 2
-1896.1 -10979.8 -55.0 10 0 8.4 24.2 7.0 3.5 2 0 2 2 2
-1926.6 -10994.7 -54.9 190 0 28.2 28.1 10.5 0.0 0 0 3 0 0
-1929.8 -11013.0 -53.9 189 0 9.1 8.2 10.5 3.5 4 0 3 3 3
-1884.8 -11079.5 -50.9 11 0 18.0 27.4 10.5 3.5 2 0 3 0 0
-1882.0 -11064.9 -51.3 11 0 11.7 27.2 10.5 3.5 2 0 3 2 2
-1879.2 -11050.4 -51.8 11 0 17.8 25.8 7.0 3.5 2 0 2 5 5
-1876.9 -11035.0 -52.2 12 0 13.2 25.9 7.0 3.5 1 0 2 4 4
-1874.0 -11021.1 -52.5 12 0 15.2 22.8 7.0 3.5 2 0 2 1 1
-1971.0 -11105.6 -52.4 341 0 13.3 22.0 17.5 3.5 4 0 5 4 4
-2010.1 -11113.9 -53.6 100 0 21.9 11.1 7.0 3.5 4 0 2 4 4
-1841.6 -11096.7 -46.9 281 0 19.6 11.5 10.5 3.5 4 0 3 5 5
-1864.6 -11087.1 -48.2 192 0 10.9 14.5 7.0 3.5 2 0 2 5 5
-1840.6 -11096.9 -47.4 102 0 21.8 11.0 10.5 3.5 4 0 3 4 4
-1862.4 -11075.2 -48.6 190 0 13.6 12.2 7.0 3.5 4 0 2 1 1
-1839.2 -11085.3 -47.8 100 0 18.5 11.7 7.0 3.5 4 0 2 2 2
-1963.8 -11147.5 -49.6 280 0 9.4 20.4 7.0 3.5 4 1 2 2 2
-1939.2 -11156.2 -48.2 189 0 10.3 4.4 8.0 3.5 2 0 2 2 2
-1807.8 -11069.4 -45.9 280 0 9.8 17.7 7.0 3.5 4 1 2 5 5
-1795.5 -11071.0 -44.8 280 0 9.4 28.3 10.5 3.5 4 1 3 4 4
-1785.6 -11072.7 -43.9 280 0 9.8 25.0 10.5 3.5 4 1 3 3 3
-1748.4 -11079.7 -40.6 279 0 11.3 18.6 10.5 3.5 4 1 3 5 5
-1732.3 -11083.1 -39.0 278 0 10.3 25.4 10.5 3.5 2 1 3 3 3
-1708.8 -11078.5 -37.3 250 0 9.0 13.4 10.5 3.5 4 1 3 0 0
-1666.3 -11098.5 -34.4 9 0 10.0 20.2 7.0 3.5 2 1 2 3 3
-1680.9 -11134.7 -32.7 9 0 13.5 18.8 7.0 3.5 4 0 2 4 4
-1771.1 -11202.9 -33.3 189 0 34.4 9.2 10.5 3.5 4 0 3 2 2
-1744.3 -11189.4 -31.4 279 0 10.6 40.9 14.0 0.0 0 1 4 3 3
-1731.1 -11191.7 -30.1 280 0 7.7 38.2 10.5 3.5 2 1 3 5 5
-1819.9 -11145.8 -42.2 100 0 11.4 21.7 7.0 3.5 4 1 2 1 1
-1800.4 -11148.6 -41.5 100 0 15.4 33.9 10.5 3.5 2 1 3 1 1
-1781.8 -11150.4 -39.1 99 0 11.9 24.2 7.0 3.5 4 1 2 5 5
-1768.9 -11152.0 -38.0 99 0 11.4 24.9 3.5 3.5 4 1 1 2 2
-1757.1 -11157.3 -37.1 100 0 8.1 33.6 10.5 3.5 4 1 3 3 3
-1744.4 -11159.6 -36.2 102 0 13.1 35.1 7.0 3.5 2 1 2 5 5
-1720.8 -11161.8 -33.1 100 0 13.7 12.8 7.0 3.5 4 0 2 4 4
-1991.8 -11143.2 -50.9 281 0 9.8 21.0 10.5 3.5 2 1 3 4 4
-1998.6 -11224.5 -46.4 292 0 10.6 12.7 7.0 3.5 4 1 2 3 3
-1999.6 -11207.3 -47.8 10 0 12.9 8.9 7.0 3.5 4 0 2 0 0
-1637.9 -11085.9 -33.8 192 0 8.6 11.2 3.5 3.5 4 1 1 0 0
-1638.5 -11094.3 -33.0 192 0 6.8 16.0 3.5 3.5 4 1 1 1 1
-1640.3 -11117.2 -31.2 191 0 10.0 17.6 3.5 3.5 4 1 1 2 2
-1643.2 -11129.7 -30.2 191 0 9.6 19.0 3.5 3.5 4 1 1 1 1
-1647.2 -11178.1 -27.6 100 0 6.4 21.3 7.0 3.5 4 0 2 2 2
-1604.4 -11136.0 -28.6 11 0 10.1 7.4 3.5 3.5 2 0 1 2 2
-1598.6 -11102.9 -31.2 12 0 7.6 5.5 3.5 3.5 4 0 1 5 5
-1597.1 -11093.2 -32.4 10 0 8.5 9.8 3.5 3.5 2 1 1 2 2
-1584.9 -11027.6 -37.8 10 0 11.0 7.2 3.5 3.5 4 0 1 5 5
-2064.8 -11129.2 -54.6 279 0 11.9 22.5 7.0 3.5 4 1 2 2 2
-2077.9 -11127.4 -55.3 281 0 12.6 21.9 7.0 3.5 4 1 2 4 4
-2091.9 -11125.2 -55.9 280 0 12.1 21.7 7.0 3.5 4 1 2 5 5
-2128.3 -11095.8 -53.5 99 0 25.0 8.9 10.5 3.5 4 0 3 3 3
-2113.4 -11080.7 -53.2 11 0 12.6 24.4 10.5 3.5 4 1 3 2 2
-2110.8 -11065.0 -52.9 10 0 13.2 25.5 10.5 3.5 4 1 3 3 3
-2107.0 -11028.4 -52.0 10 0 13.3 26.9 17.5 3.5 4 1 5 2 2
-2097.7 -10987.9 -51.4 10 0 13.7 21.9 14.0 3.5 4 1 4 5 5
-2094.2 -10970.5 -51.1 10 0 11.1 19.0 7.0 3.5 2 1 2 4 4
-2092.0 -10957.0 -51.3 11 0 12.8 18.3 10.5 3.5 4 1 3 4 4
-2089.9 -10944.5 -51.3 11 0 8.6 23.7 7.0 3.5 4 1 2 3 3
-2087.6 -10934.6 -51.4 10 0 9.8 25.5 10.5 3.5 2 0 3 3 3
-2086.9 -10919.2 -51.2 12 0 11.7 24.0 10.5 3.5 4 1 3 1 1
-2093.6 -10897.1 -51.6 277 0 29.3 12.2 14.0 3.5 2 0 4 1 1
-2088.2 -10876.9 -50.8 101 0 27.9 8.4 10.5 3.5 2 0 3 0 0
-2069.0 -10852.0 -51.0 11 0 18.2 21.3 10.5 3.5 2 0 3 1 1
-2066.2 -10837.1 -51.0 10 0 11.9 23.0 17.5 3.5 2 0 5 5 5
-2063.5 -10822.7 -51.2 11 0 17.0 46.2 17.5 3.5 2 0 5 1 1
-2089.8 -10777.0 -50.7 280 0 46.7 31.2 10.5 3.5 2 0 3 5 5
-2136.0 -10889.3 -48.4 280 0 27.0 15.2 14.0 3.5 2 0 4 2 2
-2143.8 -10913.8 -47.5 191 0 14.6 19.6 10.5 3.5 4 1 3 5 5
-2101.6 -11179.0 -53.8 191 0 11.0 8.7 3.5 3.5 4 0 1 5 5
-2110.1 -11212.3 -52.6 192 0 10.8 24.5 3.5 3.5 4 1 1 5 5
-2112.3 -11225.2 -52.3 192 0 10.2 23.6 7.0 3.5 4 1 2 0 0
-2038.3 -11249.5 -47.3 11 0 18.7 11.9 7.0 3.5 4 0 2 1 1
-2058.4 -11275.7 -47.6 281 0 26.8 10.2 10.5 3.5 4 0 3 1 1
-2106.2 -11261.4 -51.1 282 0 19.9 11.7 10.5 3.5 4 0 3 3 3
-2121.0 -11281.0 -50.9 191 0 13.3 19.8 14.0 3.5 4 1 4 0 0
-2129.3 -11305.0 -50.6 190 0 23.4 11.6 14.0 3.5 4 0 4 0 0
-2024.9 -11234.6 -48.3 100 0 17.4 27.5 10.5 3.5 4 1 3 0 0
-2061.3 -11223.4 -51.0 101 0 15.2 35.2 14.0 0.0 0 0 4 3 3
-2106.6 -11321.1 -49.5 101 0 18.0 34.1 14.0 3.5 4 1 4 4 4
-2088.7 -11323.4 -47.7 100 0 10.7 17.2 10.5 3.5 4 1 3 0 0
-2045.5 -11329.4 -45.0 101 0 12.6 32.9 7.0 3.5 4 1 2 0 0
-2032.1 -11331.8 -44.0 100 0 12.5 29.8 7.0 3.5 4 1 2 3 3
-2003.4 -11337.8 -41.8 100 0 12.7 29.3 7.0 3.5 4 1 2 4 4
-2018.6 -11333.7 -42.9 101 0 12.3 28.7 3.5 3.5 4 1 1 0 0
-1982.1 -11342.7 -40.3 100 0 10.0 39.8 14.0 3.5 4 1 4 0 0
-1936.0 -11350.5 -37.0 11 0 12.9 19.5 10.5 3.5 4 1 3 2 2
-1933.4 -11336.8 -37.6 11 0 13.1 22.0 10.5 3.5 4 1 3 4 4
-1931.4 -11324.3 -38.1 10 0 9.1 25.6 7.0 3.5 4 1 2 1 1
-2027.3 -11286.7 -44.2 190 0 10.8 18.8 7.0 3.5 4 1 2 0 0
-2021.5 -11244.2 -45.5 189 0 11.0 19.5 14.0 3.5 4 1 4 5 5
-1999.8 -11269.8 -42.9 191 0 14.0 16.2 10.5 3.5 4 1 3 3 3
-1929.4 -11313.4 -37.9 10 0 10.5 19.2 3.5 3.5 4 1 1 2 2
-1927.7 -11296.9 -38.9 9 0 15.7 21.7 14.0 3.5 4 1 4 1 1
-2173.4 -11361.2 -48.1 353 0 19.1 14.7 17.5 3.5 2 0 5 1 1
2799.0 -11161.1 -48.3 195 0 37.3 16.7 10.5 3.5 2 0 3 5 5
2827.2 -11193.9 -48.7 199 0 70.2 16.6 10.5 3.5 2 0 3 2 2
2823.3 -11239.8 -49.0 106 0 31.1 14.4 10.5 3.5 2 0 3 3 3
2846.1 -11246.4 -49.6 106 0 17.3 21.1 10.5 3.5 2 0 3 5 5
2477.8 -11367.4 -48.2 215 0 18.7 15.4 14.0 3.5 2 0 4 1 1
2518.5 -11388.3 -48.9 39 0 19.2 19.7 14.0 0.0 0 1 4 1 1
2514.3 -11404.4 -48.1 38 0 15.2 34.7 14.0 3.5 2 0 4 4 4
2581.7 -11401.3 -49.7 112 0 48.6 31.5 14.0 0.0 0 0 4 1 1
2643.8 -11353.4 -49.6 23 0 25.0 22.0 14.0 0.0 0 0 4 0 0
2631.5 -11303.1 -49.3 292 0 17.6 24.5 14.0 3.5 2 0 4 0 0
2852.7 -11129.1 -46.8 290 0 31.7 9.0 10.5 3.5 2 0 3 5 5
2831.5 -11121.7 -46.1 288 0 13.3 9.1 12.0 3.5 2 0 3 2 2
2813.3 -11119.8 -46.1 258 0 15.8 10.7 12.0 3.5 2 0 3 2 2
2851.9 -10999.2 -40.1 227 0 13.0 20.3 10.5 3.5 2 0 3 3 3
2895.0 -10978.1 -39.7 317 0 13.0 39.5 10.5 3.5 2 0 3 3 3
2852.4 -11216.9 -49.2 105 0 16.7 13.8 12.0 3.5 2 0 3 4 4
2874.9 -11202.5 -49.6 15 0 11.5 26.2 10.5 3.5 2 0 3 2 2
2463.3 -10727.8 -51.5 217 0 13.4 20.5 14.0 3.5 2 0 4 4 4
2492.9 -10762.6 -48.6 45 0 5.8 10.0 10.5 3.5 2 1 3 3 3
2291.1 -11327.2 -41.8 338 0 10.5 75.1 14.0 3.5 2 1 4 1 1
-3051.9 -11502.6 5.5 190 0 12.7 29.1 14.0 3.5 2 0 4 5 5
-2984.6 -11555.9 1.9 99 0 23.8 12.0 3.5 3.5 4 0 1 4 4
-2928.1 -11529.1 -2.9 309 0 11.8 15.5 7.0 3.5 2 1 2 1 1
-3045.0 -11465.3 4.1 190 0 12.4 29.1 14.0 3.5 2 0 4 4 4
-3049.6 -11490.0 4.9 190 0 12.9 29.1 14.0 3.5 2 0 4 4 4
-2993.7 -11474.0 2.2 278 0 12.5 25.9 14.0 3.5 4 1 4 3 3
-3056.5 -11527.4 6.8 190 0 12.7 29.1 14.0 3.5 2 0 4 5 5
-2967.6 -11523.7 1.3 9 0 12.6 21.4 7.0 3.5 2 1 2 5 5
-3028.4 -11431.5 4.2 279 0 20.7 21.9 14.0 3.5 2 1 4 5 5
-2916.7 -11537.4 -3.9 311 0 11.1 15.0 7.0 3.5 2 1 2 4 4
-3047.3 -11477.5 4.4 190 0 12.4 29.1 14.0 3.5 2 0 4 3 3
-3032.4 -11557.4 7.4 10 0 12.5 29.1 14.0 3.5 2 0 4 4 4
-2979.5 -11476.1 1.2 279 1 11.8 19.2 14.0 3.5 2 1 4 5 5
-2969.7 -11537.9 1.6 10 0 11.8 23.7 7.0 3.5 2 1 2 5 5
-3054.2 -11515.0 6.1 190 0 12.5 29.1 14.0 3.5 2 0 4 4 4
-2965.2 -11510.2 0.9 8 0 11.4 20.6 7.0 3.5 2 1 2 2 2
-3009.8 -11448.5 3.1 279 1 15.7 13.7 14.0 3.5 2 0 4 2 2
-3045.6 -11548.6 7.5 101 0 29.1 12.5 14.0 3.5 2 0 4 3 3
-3560.3 -11093.5 11.5 12 0 16.7 44.0 17.5 3.5 2 1 5 4 4
-2436.0 -11543.2 -38.7 98 0 12.0 22.9 17.5 3.5 2 1 5 1 1
-2398.1 -11549.7 -39.0 99 0 8.4 23.3 10.5 3.5 2 1 3 0 0
-2497.5 -11510.7 -37.5 280 0 11.3 21.1 17.5 0.0 0 1 5 3 3
-2387.6 -11548.9 -39.4 98 0 9.5 21.8 10.5 3.5 2 1 3 2 2
-2484.7 -11513.3 -37.7 280 0 11.1 20.7 17.5 3.5 2 1 5 2 2
-2512.9 -11549.1 -31.1 100 0 21.4 13.7 17.5 0.0 0 0 5 3 3
-2422.3 -11544.6 -38.8 98 0 11.5 22.3 17.5 3.5 2 1 5 2 2
-2521.1 -11515.4 -37.2 192 0 30.1 14.7 17.5 3.5 2 0 5 1 1
-2472.4 -11515.1 -37.9 281 0 10.9 20.7 17.5 3.5 2 1 5 2 2
-2407.4 -11554.7 -38.9 98 0 11.9 29.6 17.5 3.5 2 1 5 0 0
2317.3 -11321.2 -44.1 216 0 10.7 77.4 10.5 3.5 2 1 3 0 0
2376.9 -11394.7 -42.4 35 0 10.5 76.9 10.5 3.5 4 1 3 4 4
2319.9 -11296.5 -46.2 212 0 10.5 78.5 10.5 3.5 2 1 3 1 1
-2780.3 -10668.0 -19.9 191 0 26.4 10.5 17.5 3.5 2 0 5 2 2
-2759.4 -10659.3 -20.2 281 0 10.7 24.5 17.5 3.5 2 1 5 2 2
-2746.6 -10661.0 -20.6 281 0 12.0 20.6 17.5 3.5 2 1 5 3 3
-2734.2 -10664.4 -20.9 281 0 8.7 25.1 10.5 3.5 2 1 3 4 4
-2721.4 -10667.3 -21.1 281 0 8.6 34.5 10.5 3.5 2 1 3 0 0
-2697.6 -10679.3 -21.4 280 0 12.5 20.5 17.5 0.0 0 1 5 5 5
-2671.8 -10677.6 -21.6 282 0 12.1 24.8 17.5 3.5 2 1 5 3 3
-2659.8 -10680.6 -21.2 281 0 10.8 24.2 17.5 3.5 2 1 5 3 3
-2647.0 -10682.8 -20.8 281 0 11.5 24.5 17.5 3.5 2 1 5 2 2
-2632.1 -10685.2 -20.4 281 0 12.3 25.7 17.5 3.5 2 1 5 0 0
-2613.0 -10709.1 -19.8 11 0 38.7 10.9 17.5 3.5 4 0 5 3 3
-2772.5 -10616.1 -22.6 190 0 24.1 11.4 17.5 3.5 2 0 5 2 2
-2755.3 -10632.2 -22.3 101 0 12.7 22.0 17.5 3.5 2 1 5 4 4
-2740.2 -10634.2 -22.7 100 0 10.3 23.9 17.5 3.5 2 1 5 1 1
-2718.9 -10640.9 -23.3 100 0 8.7 27.2 10.5 3.5 2 1 3 0 0
-2682.6 -10631.4 -23.8 10 0 26.3 14.6 17.5 3.5 2 0 5 4 4
-2583.5 -10700.1 -19.0 191 0 20.6 13.0 17.5 3.5 2 0 5 2 2
-2561.6 -10693.8 -18.7 280 0 12.3 20.2 17.5 3.5 4 1 5 1 1
-2515.6 -10709.9 -17.4 281 0 11.9 19.9 17.5 0.0 0 1 5 3 3
-2500.6 -10712.6 -17.0 281 0 11.6 17.8 17.5 3.5 2 1 5 4 4
-2471.7 -10711.8 -16.9 281 0 11.4 18.4 17.5 3.5 2 1 5 3 3
-2459.2 -10713.5 -18.1 281 0 11.1 24.5 17.5 3.5 2 1 5 3 3
-2437.6 -10716.9 -20.1 280 0 11.9 27.1 17.5 3.5 2 1 5 1 1
-2419.7 -10720.1 -20.9 280 0 12.8 19.2 17.5 3.5 2 1 5 1 1
-2400.9 -10732.9 -20.7 10 0 20.0 10.4 17.5 3.5 2 0 5 5 5
-2600.7 -10655.6 -21.5 106 0 10.6 18.0 17.5 3.5 2 1 5 5 5
-2588.0 -10665.3 -21.5 103 0 9.1 31.8 10.5 3.5 2 1 3 5 5
-2570.1 -10630.9 -21.4 281 0 12.0 20.9 17.5 3.5 2 1 5 3 3
-2543.4 -10671.2 -20.1 100 0 10.0 19.3 17.5 3.5 2 1 5 3 3
-2519.5 -10672.9 -20.1 98 0 10.2 15.1 17.5 3.5 4 1 5 1 1
-2488.9 -10677.3 -23.5 100 0 11.6 17.0 17.5 0.0 0 1 5 2 2
-2461.2 -10680.6 -27.5 100 0 11.1 25.1 17.5 3.5 4 1 5 0 0
-2445.2 -10682.6 -27.8 97 0 11.2 16.5 17.5 3.5 2 1 5 3 3
-2433.6 -10685.6 -28.7 100 0 6.0 20.4 10.5 3.5 2 1 3 5 5
-2397.8 -10696.5 -26.0 101 0 11.2 23.6 17.5 3.5 2 1 5 1 1
-2385.2 -10697.3 -24.8 100 0 9.8 20.4 10.5 3.5 2 1 3 4 4
-2365.9 -10686.4 -24.4 10 0 26.8 11.0 17.5 3.5 2 0 5 4 4
-2326.1 -10712.4 -22.0 102 0 10.4 26.0 14.0 3.5 2 1 4 5 5
-2306.4 -10716.1 -23.5 102 0 11.5 23.3 14.0 3.5 2 1 4 5 5
-2287.4 -10720.2 -26.5 101 0 22.7 11.0 14.0 3.5 2 0 4 2 2
-2354.8 -10731.2 -18.0 281 0 12.9 19.2 17.5 3.5 2 1 5 2 2
-2232.2 -10726.7 -32.8 101 0 11.5 17.4 5.0 2.5 2 1 2 5 5
-2219.7 -10731.2 -34.4 101 0 8.3 28.2 7.5 0.0 0 1 3 5 5
-2191.7 -10736.2 -38.6 101 0 29.6 11.5 12.5 2.5 2 0 5 4 4
-2146.3 -10796.0 -43.1 10 0 18.0 14.4 17.5 3.5 4 0 5 2 2
-2166.3 -10766.2 -40.9 280 0 9.1 21.7 10.5 3.5 4 1 3 3 3
-2178.5 -10763.1 -39.4 281 0 9.6 34.2 10.5 3.5 4 1 3 1 1
-2191.2 -10761.8 -38.1 282 0 11.0 20.4 17.5 3.5 2 1 5 0 0
-2209.8 -10759.7 -35.8 280 0 8.3 38.9 10.5 3.5 2 1 3 1 1
-2225.2 -10755.3 -33.8 280 0 4.9 28.0 10.5 3.5 2 1 3 1 1
-2258.7 -10751.4 -32.0 190 0 14.0 22.2 17.5 3.5 2 1 5 2 2
-2128.2 -10781.5 -46.2 192 0 24.3 12.2 17.5 0.0 0 0 5 0 0
-6670.2 -10332.6 -58.7 242 0 7.7 22.0 5.0 2.5 2 1 2 5 5
-6741.8 -9667.5 -49.2 81 0 30.6 40.4 14.0 0.0 0 1 4 3 3
-5265.7 -11416.7 8.3 73 0 21.4 45.9 17.5 3.5 2 1 5 4 4
-4913.7 -10946.4 37.8 190 0 26.7 25.4 17.5 0.0 0 0 5 3 3
-4848.8 -10321.5 13.9 10 0 21.0 58.4 38.5 3.5 4 1 11 2 2
-4832.5 -10337.5 11.7 191 0 29.8 40.2 14.0 0.0 0 1 4 5 5
-4839.2 -10371.4 12.8 190 0 13.3 22.0 14.0 3.5 2 1 4 4 4
-4836.2 -10359.0 12.9 191 0 8.5 21.0 10.5 3.5 2 1 3 3 3
-4827.8 -10316.4 12.3 190 0 10.2 24.0 14.0 3.5 2 1 4 1 1
-4808.4 -10447.1 13.0 11 0 13.3 40.5 14.0 3.5 4 1 4 2 2
-4810.2 -10465.4 13.2 12 0 16.3 44.3 17.5 3.5 2 1 5 0 0
-4857.1 -10471.6 13.4 192 0 10.8 29.0 14.0 3.5 2 1 4 1 1
-4863.4 -10501.9 13.3 192 0 44.5 23.5 14.0 0.0 0 0 4 0 0
-4843.5 -10289.0 12.9 11 0 37.3 14.5 17.5 3.5 2 0 5 4 4
-4841.8 -10387.5 12.8 190 0 12.0 19.9 14.0 3.5 2 1 4 0 0
-5173.8 -9083.8 -54.0 88 0 5.6 9.4 10.5 0.0 0 1 3 1 1
-6824.3 -11351.2 7.7 82 0 10.0 22.3 14.0 3.5 2 1 4 0 0
-4146.6 -9595.5 -54.8 6 0 18.8 16.8 14.0 0.0 0 0 4 2 2
-77.2 -11516.4 -15.3 357 0 13.1 16.9 14.0 3.5 2 1 4 2 2
-73.8 -11469.8 -13.9 356 0 12.0 19.9 14.0 3.5 2 1 4 1 1
-74.5 -11455.0 -13.1 357 0 12.7 21.7 14.0 3.5 2 1 4 5 5
-41.4 -11488.0 -15.2 175 0 16.2 11.6 17.5 3.5 2 0 5 3 3
-49.9 -11449.2 -10.2 179 0 8.9 18.0 10.5 3.5 2 1 3 5 5
-46.3 -11430.9 -8.7 180 0 8.4 13.4 10.5 3.5 2 1 3 0 0
4.0 -11535.9 -12.4 357 0 18.3 12.6 17.5 3.5 2 0 5 1 1
2.8 -11515.4 -14.0 357 0 17.9 14.1 17.5 0.0 0 0 5 0 0
0.8 -11478.1 -11.4 358 0 16.9 14.2 17.5 3.5 2 0 5 1 1
-4692.6 -9764.0 1.1 9 0 13.2 29.8 14.0 3.5 2 1 4 0 0
-4720.3 -9741.4 -0.2 188 0 15.3 16.7 14.0 3.5 2 1 4 3 3
-4689.5 -9823.6 1.3 189 0 32.9 15.0 17.5 3.5 2 0 5 1 1
-4667.8 -9839.6 1.1 101 0 12.5 32.7 17.5 3.5 2 1 5 2 2
-4680.8 -9740.7 -0.4 281 0 5.8 24.7 10.5 3.5 2 0 3 3 3
-4668.5 -9743.2 -0.6 280 0 5.1 26.0 10.5 3.5 2 0 3 2 2
-4656.6 -9746.7 -0.6 279 0 5.1 24.5 10.5 3.5 2 0 3 3 3
-4710.2 -9876.4 1.8 190 0 25.2 5.5 10.5 3.5 2 0 3 2 2
-4687.7 -9866.3 1.7 280 0 5.5 31.9 10.5 3.5 2 0 3 3 3
-4680.8 -9867.9 1.8 280 0 4.1 25.1 10.5 3.5 2 1 3 5 5
-4669.1 -9869.6 1.4 279 0 5.4 25.2 10.5 3.5 2 0 3 0 0
-4656.9 -9871.9 0.4 281 0 5.6 25.4 10.5 3.5 2 0 3 2 2
-4776.3 -9824.3 -1.7 101 0 9.0 21.1 10.5 3.5 2 1 3 0 0
-4758.4 -9794.6 -3.0 9 0 10.5 28.1 14.0 3.5 2 1 4 1 1
-4754.1 -9774.9 -3.2 12 0 15.6 30.8 7.0 3.5 4 1 2 0 0
-4753.4 -9767.8 -2.6 12 0 7.5 20.2 3.5 3.5 2 1 1 2 2
-4780.8 -9743.4 -4.4 189 0 9.8 30.8 7.0 3.5 2 1 2 3 3
-4778.1 -9729.1 -5.1 190 0 11.3 31.1 14.0 3.5 2 1 4 0 0
-4804.5 -9785.8 -6.0 10 0 12.5 6.5 10.5 3.5 2 0 3 4 4
-4837.2 -9763.1 -12.3 102 0 46.6 8.4 10.5 3.5 4 0 3 3 3
-4799.6 -9732.2 -10.5 11 0 7.8 38.7 10.5 3.5 2 1 3 1 1
-4798.1 -9695.0 -10.3 283 0 14.8 24.9 14.0 0.0 0 1 4 1 1
-4749.2 -9717.6 -5.1 11 1 12.9 18.5 14.0 3.5 2 1 4 2 2
-4780.6 -9698.6 -7.4 190 0 13.0 38.5 14.0 0.0 0 1 4 3 3
-4719.9 -9928.9 0.9 191 0 31.7 10.8 17.5 3.5 4 0 5 0 0
-4705.1 -9951.9 0.8 100 0 10.5 28.5 17.5 3.5 2 1 5 0 0
-4692.4 -9946.5 -0.8 101 1 10.4 16.8 17.5 3.5 2 1 5 5 5
-4679.8 -9950.1 -1.1 100 0 9.6 24.4 10.5 3.5 2 1 3 1 1
-4669.5 -9952.5 -1.5 101 0 10.0 30.8 10.5 3.5 2 1 3 3 3
-4656.0 -9955.2 -2.7 101 0 9.2 26.3 10.5 3.5 2 1 3 3 3
-4615.4 -9848.6 0.1 99 0 9.4 30.9 10.5 3.5 2 1 3 1 1
-4615.9 -9788.1 0.3 280 0 19.6 13.3 17.5 3.5 2 0 5 5 5
-4817.1 -9908.9 -1.9 11 0 24.6 10.8 17.5 3.5 2 0 5 0 0
-4840.3 -9915.9 -2.9 102 0 6.4 20.7 10.5 3.5 2 0 3 1 1
-4861.3 -9911.7 -4.6 101 0 11.6 22.2 17.5 3.5 2 1 5 3 3
-4848.1 -9838.8 -6.0 281 0 10.0 22.8 10.5 3.5 2 1 3 5 5
-4857.8 -9838.1 -6.6 280 0 5.5 28.3 10.5 3.5 2 0 3 0 0
-4879.2 -9910.0 -6.1 100 0 17.6 28.9 17.5 3.5 2 1 5 4 4
-4897.7 -9941.5 -5.0 190 0 16.0 29.9 14.0 3.5 2 1 4 5 5
-4704.1 -9715.9 -2.9 99 0 19.4 17.6 17.5 3.5 2 0 5 1 1
-4677.2 -9713.0 -2.9 9 0 15.7 8.8 10.5 3.5 2 0 3 3 3
-4708.2 -9688.5 -4.1 189 0 14.7 23.9 17.5 3.5 2 1 5 3 3
-4661.6 -9677.8 -5.7 9 0 10.1 44.1 14.0 3.5 2 1 4 5 5
-4664.0 -9664.6 -6.2 9 0 5.9 36.6 3.5 3.5 2 0 1 2 2
-4663.1 -9650.0 -7.0 9 0 7.4 38.2 10.5 0.0 0 1 3 2 2
-4666.5 -9704.9 -4.5 190 0 31.6 7.4 10.5 3.5 2 0 3 1 1
-4799.6 -9951.9 1.8 278 0 21.0 15.7 17.5 0.0 0 0 5 5 5
-4819.0 -9981.0 2.0 189 0 19.1 16.4 17.5 3.5 2 0 5 5 5
-4791.6 -9986.3 3.4 10 0 21.1 10.3 17.5 3.5 2 0 5 0 0
-4821.1 -10006.4 2.9 188 0 17.6 24.6 17.5 3.5 4 1 5 5 5
-4763.8 -9967.2 4.2 190 0 10.7 23.7 7.0 3.5 2 1 2 4 4
-4762.4 -9983.4 4.5 191 0 18.6 18.5 14.0 3.5 2 0 4 4 4
-4705.1 -9976.8 3.4 281 1 10.7 22.2 14.0 3.5 2 1 4 0 0
-4681.6 -9982.0 2.9 279 1 10.5 21.7 14.0 3.5 2 1 4 2 2
-4669.2 -9983.8 2.6 281 1 11.0 20.3 14.0 3.5 2 1 4 3 3
-4795.7 -9771.3 -4.5 190 0 16.8 7.7 10.5 3.5 2 0 3 5 5
-5431.9 -9640.7 -36.0 308 0 9.2 36.0 10.5 3.5 2 1 3 2 2
-5480.5 -9620.9 -37.6 218 0 22.2 9.7 7.0 3.5 2 0 2 1 1
-5427.3 -9614.5 -39.1 129 0 15.5 21.9 14.0 3.5 2 0 4 2 2
-5492.4 -9616.0 -38.5 39 0 30.4 10.0 14.0 3.5 2 0 4 0 0
-5496.1 -9594.1 -38.9 308 0 9.9 26.0 10.5 3.5 2 1 3 5 5
-5505.1 -9587.7 -39.3 308 0 8.6 23.6 10.5 3.5 2 1 3 1 1
-5513.0 -9579.9 -39.7 309 0 6.9 31.6 10.5 3.5 2 1 3 0 0
-5520.3 -9570.7 -40.4 308 0 11.3 24.0 7.0 0.0 0 1 2 1 1
-5488.6 -9568.5 -41.6 128 0 28.4 10.1 7.0 3.5 2 0 2 5 5
-5467.0 -9563.9 -42.2 38 0 11.2 26.4 7.0 0.0 0 1 2 3 3
-5459.1 -9554.3 -42.9 38 0 10.7 27.3 10.5 3.5 2 1 3 2 2
-5454.8 -9542.4 -43.7 39 0 10.3 25.0 7.0 3.5 2 1 2 0 0
-5453.0 -9597.4 -40.5 129 0 16.4 25.6 14.0 3.5 2 0 4 1 1
-2357.5 -11055.4 -38.3 101 0 18.5 13.6 3.5 3.5 2 0 1 2 2
-2332.0 -11026.1 -36.9 12 0 8.8 16.5 3.5 3.5 2 1 1 4 4
-5017.6 -11406.4 23.8 99 0 30.7 19.2 56.0 0.0 0 0 16 0 0
-5127.6 -11260.4 24.6 235 0 21.1 25.4 49.0 0.0 0 1 14 3 3
-5036.9 -11266.7 27.4 44 0 10.7 26.8 31.5 0.0 0 1 9 1 1
-5023.2 -11208.1 28.8 196 0 25.3 14.4 31.5 0.0 0 0 9 0 0
-4976.6 -11248.9 28.8 10 0 11.4 22.9 14.0 3.5 2 1 4 0 0
-4972.9 -11230.4 29.3 13 0 12.8 22.7 14.0 3.5 2 1 4 4 4
-4967.6 -11216.1 30.0 12 0 10.7 18.7 3.5 3.5 2 1 1 5 5
-4963.7 -11200.8 30.7 10 0 14.4 18.6 28.0 0.0 0 1 8 3 3
-4975.3 -11105.9 33.0 233 0 10.3 31.3 10.5 3.5 2 1 3 5 5
-4984.6 -11115.0 32.4 231 0 12.0 21.7 7.0 3.5 4 1 2 4 4
-4995.1 -11123.5 31.8 227 0 10.5 27.2 3.5 3.5 2 1 1 1 1
-5016.6 -11149.0 30.3 203 0 8.4 32.6 10.5 3.5 4 1 3 2 2
-5002.9 -11134.4 31.3 224 0 11.4 22.1 3.5 3.5 2 1 1 0 0
-5016.9 -11167.4 29.8 193 0 11.5 20.5 3.5 3.5 4 1 1 1 1
-4939.9 -11197.1 32.6 190 0 16.4 13.7 10.5 3.5 2 0 3 1 1
-4942.5 -11218.7 31.9 190 0 16.5 29.5 14.0 3.5 2 1 4 3 3
-4940.6 -11254.4 31.0 181 0 18.5 21.8 28.0 0.0 0 1 8 0 0
-4956.2 -11302.0 29.1 186 0 8.8 26.5 10.5 0.0 0 1 3 5 5
-4950.7 -11328.7 28.6 191 0 19.5 14.9 31.5 0.0 0 0 9 4 4
-4950.6 -11375.5 27.5 94 0 16.1 19.3 31.5 0.0 0 1 9 2 2
-4916.6 -11382.6 28.7 112 0 16.7 27.5 31.5 0.0 0 1 9 5 5
-4884.9 -11285.6 31.7 11 0 11.1 28.7 7.0 3.5 2 1 2 0 0
-4882.2 -11272.2 32.2 11 0 10.7 28.8 7.0 0.0 0 1 2 0 0
-4876.4 -11239.6 34.0 10 0 6.1 19.4 7.0 3.5 2 1 2 2 2
-4886.0 -11427.6 25.9 195 0 24.6 11.3 10.5 3.5 2 0 3 5 5
-4882.6 -11463.0 23.7 189 0 10.4 36.8 10.5 3.5 2 0 3 1 1
-4883.9 -11471.2 23.3 190 0 6.3 36.8 10.5 3.5 2 0 3 5 5
-4884.8 -11476.9 22.8 188 0 5.4 39.1 10.5 3.5 2 0 3 4 4
-4886.7 -11488.0 21.7 190 0 17.2 37.3 7.0 0.0 0 0 2 0 0
-4863.6 -11514.2 20.8 280 0 18.0 14.0 7.0 3.5 2 0 2 1 1
-4894.4 -11529.3 20.4 190 0 12.0 37.8 7.0 3.5 2 0 2 3 3
-4885.9 -11511.3 21.4 279 0 10.9 13.2 7.0 3.5 2 0 2 1 1
-3254.1 -11122.6 16.2 193 0 17.3 12.8 17.5 0.0 0 0 5 2 2
-451.1 -10999.4 -1.2 182 0 12.2 21.2 17.5 3.5 2 1 5 4 4
-459.9 -10962.8 -10.0 178 1 11.4 16.8 17.5 3.5 2 1 5 5 5
-456.6 -10983.2 -2.2 182 0 6.9 21.4 10.5 3.5 2 1 3 2 2
-453.8 -11014.8 -0.1 176 1 11.3 20.7 17.5 3.5 2 1 5 3 3
-437.4 -11206.2 0.8 70 0 6.6 25.7 10.5 3.5 2 1 3 5 5
-451.9 -11257.9 -0.5 279 1 13.4 16.7 14.0 3.5 2 1 4 1 1
-1446.9 -10803.1 -54.0 80 0 9.6 6.3 10.5 3.5 2 0 3 0 0
-1224.2 -11320.4 -9.9 280 0 27.1 7.8 10.5 0.0 0 0 3 5 5
-5195.4 -9340.4 -45.3 130 0 12.0 32.9 14.0 0.0 0 0 4 3 3
-5121.4 -9364.3 -45.3 311 0 8.3 38.4 10.5 3.5 2 0 3 2 2
-5092.7 -9393.0 -45.1 220 0 25.5 11.2 10.5 3.5 2 0 3 5 5
-5028.6 -9433.9 -43.3 285 0 33.8 15.1 14.0 0.0 0 0 4 1 1
-4755.0 -9419.3 -29.7 258 0 31.1 9.7 10.5 3.5 2 0 3 2 2
-4768.1 -9436.0 -30.2 78 0 6.1 13.7 10.5 3.5 2 0 3 0 0
-4782.2 -9441.0 -31.1 79 0 13.2 16.3 10.5 3.5 2 0 3 3 3
-4796.2 -9444.1 -31.8 78 0 14.0 16.7 10.5 3.5 2 0 3 5 5
-4920.6 -9445.6 -39.0 272 0 11.1 26.3 10.5 0.0 0 0 3 3 3
-4933.4 -9444.0 -39.7 271 0 10.6 26.4 7.0 3.5 2 0 2 4 4
-4790.1 -9806.0 -3.1 189 0 10.2 5.5 10.5 3.5 2 0 3 2 2
-4704.8 -9877.4 1.7 190 0 25.2 5.5 10.5 3.5 2 0 3 4 4
-4693.1 -9865.3 1.7 280 0 5.4 26.3 10.5 3.5 2 0 3 5 5
-4651.5 -9747.5 -0.7 279 0 5.3 24.5 10.5 3.5 2 0 3 3 3
-4680.3 -9753.4 -0.5 191 0 24.7 5.6 10.5 3.5 2 0 3 1 1
-4663.1 -9658.8 -6.3 9 0 5.7 36.6 3.5 3.5 2 0 1 4 4
-4745.7 -9931.5 3.1 96 0 24.4 5.0 5.0 2.5 2 0 2 1 1
-4773.1 -9881.3 0.5 279 0 8.3 6.1 7.5 2.5 2 0 3 4 4
-4733.3 -9888.2 2.5 285 0 15.2 6.2 2.5 2.5 2 0 1 2 2
-4733.0 -9902.7 2.8 8 0 8.9 19.2 5.0 0.0 0 1 2 2 2
-4739.0 -9913.4 3.3 283 0 11.3 5.8 7.5 2.5 2 0 3 5 5
-4735.7 -9919.4 3.5 4 0 4.2 19.6 5.0 2.5 2 0 2 3 3
-4736.2 -9926.1 3.6 9 0 3.9 20.5 7.5 2.5 2 0 3 2 2
-4787.1 -9903.4 0.3 105 0 11.9 11.9 5.0 2.5 2 0 2 4 4
-4777.7 -9905.6 0.1 280 0 19.7 12.4 10.0 2.5 2 0 4 4 4
-5365.2 -9302.1 -43.7 219 0 11.1 20.6 7.0 3.5 2 1 2 1 1
-5372.8 -9312.2 -43.9 218 0 11.5 20.3 7.0 0.0 0 1 2 0 0
-5379.9 -9321.6 -44.4 218 0 11.0 26.1 7.0 3.5 2 1 2 4 4
-5360.2 -9352.9 -44.6 38 0 11.6 29.4 17.5 3.5 2 1 5 1 1
-5389.5 -9296.1 -43.5 38 0 23.8 39.9 14.0 0.0 0 1 4 3 3
-5373.3 -9280.4 -43.1 39 0 11.5 25.2 10.5 3.5 4 1 3 2 2
-5364.7 -9270.6 -43.2 38 0 10.9 40.3 10.5 3.5 2 0 3 2 2
-5358.3 -9253.1 -43.2 308 0 13.2 12.3 10.5 3.5 2 0 3 4 4
-5330.2 -9314.1 -43.8 38 0 12.1 35.1 7.0 3.5 2 0 2 2 2
-5352.5 -9281.6 -43.5 218 0 11.1 35.4 3.5 3.5 2 0 1 3 3
-5199.7 -9378.0 -44.9 308 0 19.9 10.8 10.5 3.5 2 0 3 0 0
-5232.0 -9352.8 -45.1 309 0 28.7 16.5 14.0 3.5 2 0 4 5 5
-5261.2 -9341.2 -45.1 219 0 18.8 15.6 10.5 3.5 2 0 3 4 4
-5286.3 -9333.2 -44.6 38 0 7.5 30.3 10.5 0.0 0 1 3 3 3
-5233.4 -9338.9 -45.1 128 0 30.2 13.8 10.5 3.5 2 0 3 5 5
-5214.6 -9336.3 -45.2 310 0 5.5 11.4 3.5 3.5 2 0 1 1 1
-5203.7 -9345.2 -45.2 309 0 22.6 11.3 17.5 3.5 2 0 5 0 0
-5191.6 -9354.9 -45.2 308 0 8.5 12.8 10.5 3.5 2 0 3 4 4
-5176.9 -9366.1 -45.1 307 0 28.1 12.7 17.5 3.5 2 0 5 2 2
-5338.6 -9645.7 -37.0 129 0 24.5 12.6 7.0 0.0 0 0 2 4 4
-5336.9 -9623.2 -37.7 219 0 10.9 29.0 7.0 3.5 2 1 2 1 1
-5321.6 -9605.1 -39.0 218 0 10.9 29.7 10.5 3.5 2 0 3 2 2
-5313.6 -9594.1 -39.8 218 0 11.2 11.5 7.0 3.5 2 1 2 5 5
-5307.8 -9587.1 -40.1 219 0 5.7 29.3 10.5 3.5 2 0 3 0 0
-5304.0 -9582.4 -40.5 219 0 6.2 29.3 3.5 3.5 2 0 1 5 5
-5331.0 -9583.8 -40.9 38 0 9.9 14.1 3.5 3.5 2 0 1 4 4
-5326.3 -9577.6 -41.4 38 0 5.7 18.8 3.5 3.5 2 0 1 3 3
-5272.5 -9542.6 -43.3 218 0 6.5 34.6 3.5 3.5 2 0 1 1 1
-5268.8 -9538.0 -43.6 219 0 5.4 33.0 3.5 3.5 2 0 1 4 4
-5263.0 -9530.6 -43.9 218 0 11.0 23.3 10.5 3.5 2 1 3 5 5
-5255.7 -9521.2 -43.9 218 0 10.2 26.5 3.5 3.5 2 1 1 3 3
-5220.8 -9477.1 -43.7 217 0 10.3 24.1 3.5 3.5 4 1 1 4 4
-5206.2 -9457.7 -43.9 218 0 10.4 27.1 7.0 3.5 2 1 2 1 1
-5240.6 -9460.4 -43.8 38 0 10.2 17.9 3.5 3.5 2 1 1 4 4
-5247.1 -9473.0 -43.8 38 0 10.2 20.9 7.0 3.5 2 1 2 2 2
-5221.9 -9446.2 -44.1 38 0 10.0 30.7 3.5 3.5 2 1 1 2 2
-5171.2 -9413.4 -44.6 218 0 12.1 25.8 14.0 3.5 2 1 4 3 3
-4737.9 -9821.5 2.5 190 0 6.8 10.3 7.5 2.5 2 0 3 5 5
-4711.1 -9832.4 1.8 7 0 10.8 29.3 7.5 2.5 2 0 3 2 2
-4831.1 -10817.0 36.9 188 0 12.0 42.6 10.5 3.5 2 1 3 0 0
-451.5 -11225.1 0.7 68 0 13.5 37.4 17.5 3.5 2 1 5 0 0
-411.1 -11209.1 -0.3 69 0 19.4 38.6 17.5 3.5 2 1 5 4 4
-452.0 -11028.3 0.7 179 1 12.6 16.2 17.5 3.5 4 1 5 5 5
-451.4 -11055.7 2.4 181 0 12.4 21.8 17.5 3.5 2 1 5 0 0
-452.2 -11070.9 3.3 179 1 11.3 17.9 17.5 3.5 2 1 5 0 0
-1190.5 -11130.8 -11.1 190 0 7.6 31.0 10.5 3.5 4 1 3 1 1
-4622.4 -11330.4 28.0 191 0 20.1 14.8 10.5 3.5 2 0 3 1 1
-5083.0 -8552.8 -62.7 84 0 10.1 23.7 14.0 3.5 2 1 4 0 0
-5008.9 -8512.6 -62.6 264 0 16.1 16.5 14.0 0.0 0 1 4 1 1
-4986.3 -8509.9 -62.6 263 0 9.4 22.0 10.5 3.5 2 1 3 0 0
-4919.3 -10702.8 25.1 10 0 8.5 22.4 10.5 3.5 2 1 3 3 3
-4913.1 -10686.0 24.0 8 0 8.2 30.4 10.5 3.5 2 0 3 1 1
-4921.5 -10737.7 27.9 9 0 13.4 28.4 10.5 0.0 0 1 3 0 0
-4920.2 -10727.6 27.2 9 0 5.1 26.3 10.5 3.5 2 0 3 0 0
-4912.4 -10678.2 23.5 9 0 6.9 30.1 10.5 3.5 2 1 3 4 4
-4924.2 -10654.5 22.3 280 0 24.6 14.7 14.0 3.5 2 0 4 5 5
-4965.8 -10731.3 25.3 101 0 13.0 30.2 14.0 3.5 2 1 4 3 3
-4980.7 -10727.3 25.1 102 0 11.4 27.6 14.0 3.5 2 1 4 5 5
-4949.5 -10656.9 22.4 278 0 11.4 21.5 14.0 3.5 4 1 4 3 3
-1102.3 -11145.9 -10.8 8 0 11.4 20.6 3.5 3.5 5 1 1 4 4
-1106.4 -11161.5 -12.0 10 0 7.0 24.8 3.5 3.5 5 1 1 4 4
-918.8 -11373.9 -17.6 336 0 24.6 8.6 10.5 3.5 2 0 3 5 5
-955.6 -11359.9 -17.5 90 0 9.2 12.9 10.5 3.5 2 1 3 4 4
-904.0 -11375.1 -17.2 245 0 9.0 24.8 10.5 3.5 2 1 3 2 2
-4816.0 -9431.5 -32.4 256 0 5.7 33.7 3.5 0.0 0 0 1 0 0
-4854.2 -9461.4 -33.9 129 0 13.2 11.4 14.0 3.5 2 0 4 2 2
-5055.9 -9445.0 -43.8 290 0 7.5 10.3 0.0 0.0 0 1 0 1 1
-5357.8 -9237.5 -43.1 128 0 29.2 10.9 10.5 3.5 2 0 3 4 4
-5024.1 -9463.9 -43.2 39 0 22.4 21.3 17.5 0.0 0 0 5 5 5
-5129.7 -9450.1 -44.6 128 0 9.6 28.6 10.5 3.5 4 1 3 0 0
-5133.6 -9436.5 -44.8 128 0 12.3 25.3 3.5 3.5 2 0 1 0 0
-5382.0 -9649.0 -36.6 37 0 5.9 28.8 7.0 3.5 2 0 2 1 1
-5410.7 -9631.5 -37.0 128 0 10.4 6.4 3.5 3.5 2 0 1 5 5
-5212.3 -9368.2 -44.9 307 0 13.5 10.8 3.5 3.5 2 0 1 3 3
-5324.3 -8789.4 -53.1 37 0 6.9 34.8 7.5 0.0 0 1 3 0 0
-5330.3 -8798.6 -52.4 37 0 7.8 37.2 7.5 2.5 2 0 3 3 3
-5364.9 -8782.6 -52.0 217 0 8.8 37.2 7.5 2.5 2 0 3 5 5
-5343.1 -8815.2 -51.4 37 0 9.5 35.4 7.5 2.5 4 1 3 0 0
-5378.4 -8803.9 -50.7 217 0 10.2 34.9 7.5 2.5 2 1 3 2 2
-5382.6 -8894.0 -47.5 37 0 11.0 18.9 5.0 2.5 2 1 2 4 4
-5394.6 -8914.7 -46.4 37 0 9.9 25.7 7.5 2.5 2 1 3 5 5
-5402.2 -8924.7 -45.7 37 0 9.8 24.1 7.5 2.5 2 1 3 3 3
-5450.2 -8938.9 -43.8 128 0 43.3 7.8 7.5 0.0 0 0 3 2 2
-5452.5 -8921.2 -44.6 127 0 20.9 30.7 10.0 0.0 0 1 4 5 5
-5436.6 -8882.9 -45.3 218 0 11.5 21.2 5.0 2.5 2 1 2 0 0
-5420.3 -8864.3 -46.5 217 0 9.4 18.9 2.5 0.0 0 1 1 4 4
-5701.8 -9426.9 -48.3 308 0 10.5 18.1 7.0 3.5 2 0 2 2 2
-5680.2 -9412.3 -48.0 218 0 17.2 21.3 7.0 3.5 2 1 2 4 4
-5702.3 -9401.4 -47.9 128 0 22.1 9.4 7.0 3.5 2 0 2 0 0
-5721.5 -9386.3 -47.8 128 0 23.8 9.0 7.0 3.5 2 0 2 5 5
-5761.8 -9344.7 -47.5 218 0 8.8 23.6 10.5 0.0 0 0 3 0 0
-5733.4 -9418.7 -48.3 38 0 26.4 21.4 14.0 3.5 2 0 4 2 2
-5799.2 -9355.3 -47.7 4 0 11.8 26.1 5.0 2.5 2 1 2 0 0
-5573.8 -9528.1 -45.5 308 0 9.6 31.4 10.5 3.5 2 1 3 1 1
-5530.6 -9562.4 -41.1 308 0 10.2 25.9 10.5 3.5 2 1 3 4 4
-4452.4 -11056.8 34.9 98 0 13.9 35.8 14.0 3.5 2 1 4 0 0
-4437.6 -11124.6 38.0 9 0 16.6 24.3 7.0 0.0 0 1 2 0 0
-4436.7 -11099.5 37.1 9 0 13.8 34.1 7.0 3.5 2 1 2 5 5
-4466.8 -11070.2 37.2 10 0 65.6 51.5 17.5 0.0 0 0 5 1 1
-4404.9 -10995.2 30.6 11 0 19.5 30.7 14.0 0.0 0 0 4 4 4
-5285.7 -8995.3 -51.0 78 0 5.9 12.2 3.5 3.5 2 1 1 3 3
-4675.3 -9509.7 -17.1 27 0 12.8 19.9 14.0 0.0 0 1 4 1 1
-4680.7 -9529.2 -15.1 27 0 5.4 25.3 3.5 3.5 2 0 1 1 1
-4683.6 -9535.3 -14.8 29 0 5.3 25.1 3.5 3.5 2 0 1 4 4
-4664.9 -9627.7 -7.7 9 0 14.7 29.3 31.5 0.0 0 1 9 5 5
-4688.9 -11519.9 17.9 240 0 9.9 17.7 7.0 3.5 2 0 2 1 1
-4668.4 -11550.6 16.9 58 0 10.0 19.0 3.5 3.5 2 0 1 4 4
-4644.4 -11494.4 18.8 240 0 16.8 15.1 7.0 0.0 0 0 2 5 5
-4632.7 -11523.4 17.9 60 0 8.4 15.9 3.5 3.5 2 0 1 1 1
-4647.9 -11463.4 21.1 331 0 14.6 14.3 7.0 3.5 2 0 2 4 4
-4667.0 -11481.3 20.8 60 0 12.0 26.6 7.0 3.5 2 0 2 5 5
-4686.1 -11462.4 20.8 242 0 3.7 24.2 7.0 3.5 2 0 2 4 4
-4693.4 -11468.9 20.8 241 0 8.2 20.0 3.5 3.5 2 0 1 3 3
-4692.2 -11495.6 20.4 61 0 13.5 26.5 10.5 3.5 4 1 3 5 5
-4723.4 -11474.8 20.1 240 0 8.3 33.3 7.0 0.0 0 0 2 0 0
-4732.9 -11480.3 19.7 240 0 13.5 33.3 7.0 0.0 0 0 2 5 5
-4731.0 -11517.5 19.5 60 0 5.3 15.0 7.0 3.5 2 0 2 4 4
-4738.9 -11489.0 20.3 243 0 3.7 19.6 3.5 3.5 2 0 1 2 2
-4757.3 -11494.2 19.3 240 0 8.6 33.3 7.0 3.5 2 0 2 5 5
-4765.4 -11498.8 19.1 240 0 16.2 33.3 3.5 0.0 0 0 1 3 3
-4628.0 -11423.9 21.6 241 0 11.5 30.7 14.0 3.5 2 0 4 5 5
-4636.8 -11428.9 21.5 241 0 8.8 30.6 7.0 3.5 2 0 2 5 5
-6910.9 -9686.4 -48.8 83 1 11.1 22.9 17.5 3.5 2 1 5 3 3
-2575.1 -10003.7 -53.5 217 0 14.9 4.0 10.5 3.5 2 0 3 0 0
2860.8 -11484.3 -48.6 326 0 9.9 12.8 10.5 3.5 4 1 3 1 1
-2752.0 -10018.7 -47.2 102 1 22.1 11.4 14.0 3.5 2 0 4 1 1
-2721.3 -9992.3 -49.9 11 0 8.9 22.9 10.5 3.5 4 1 3 4 4
-2709.3 -9970.0 -55.5 11 1 10.4 17.8 14.0 3.5 2 1 4 3 3
-2700.6 -9959.1 -56.2 11 0 11.1 24.6 14.0 3.5 2 1 4 4 4
-2692.5 -9948.0 -56.5 10 0 10.5 25.1 14.0 3.5 2 1 4 2 2
-2690.4 -9937.7 -56.8 12 0 9.3 21.1 10.5 3.5 2 1 3 5 5
-2657.4 -9895.3 -58.3 10 0 8.2 28.6 10.5 3.5 2 1 3 1 1
-2655.4 -9872.1 -59.1 9 0 9.8 22.8 10.5 3.5 2 1 3 4 4
-2653.0 -9860.4 -59.5 9 1 10.3 19.8 14.0 3.5 2 1 4 4 4
-2649.8 -9847.4 -60.0 8 0 9.5 22.6 10.5 3.5 2 1 3 3 3
-2790.7 -9988.1 -43.3 210 1 10.0 18.2 14.0 3.5 2 1 4 2 2
-2781.0 -9969.9 -44.8 191 0 8.6 21.9 10.5 0.0 0 1 3 2 2
-2776.7 -9957.0 -48.6 192 0 9.9 21.8 10.5 3.5 2 1 3 4 4
-2762.5 -9936.9 -54.6 191 0 5.7 21.0 10.5 3.5 2 1 3 2 2
-2747.7 -9914.1 -57.8 190 1 10.3 22.3 14.0 3.5 2 1 4 2 2
-2741.0 -9903.2 -58.2 191 0 9.5 22.3 10.5 3.5 2 1 3 3 3
-2732.4 -9869.3 -59.5 191 1 10.8 24.4 14.0 0.0 0 1 4 5 5
-2731.7 -9856.1 -60.0 190 0 10.6 24.4 14.0 3.5 2 1 4 3 3
-2729.0 -9843.1 -60.4 190 1 10.5 22.3 14.0 0.0 0 1 4 5 5
-2731.5 -9829.0 -61.0 189 0 10.7 24.7 14.0 3.5 2 1 4 2 2
-2682.4 -9813.1 -61.1 280 1 10.1 19.2 14.0 3.5 2 1 4 4 4
-2694.4 -9791.7 -62.0 278 0 7.5 29.7 10.5 3.5 2 1 3 1 1
-2707.1 -9789.2 -62.2 280 0 8.4 25.6 10.5 3.5 2 1 3 4 4
-2720.3 -9784.2 -62.5 279 0 7.8 23.7 10.5 3.5 2 1 3 4 4
-2731.0 -9785.1 -62.5 280 0 9.6 20.2 10.5 3.5 2 1 3 1 1
-1491.7 -11078.9 -31.5 5 0 8.4 26.5 10.5 3.5 2 1 3 3 3
-1472.5 -11056.8 -32.7 180 0 9.4 19.9 10.5 3.5 2 1 3 4 4
-1409.1 -11119.2 -28.6 282 0 16.8 19.1 17.5 0.0 0 1 5 5 5
-1578.6 -11067.8 -33.1 190 0 7.6 31.5 10.5 3.5 2 1 3 2 2
-1577.1 -11058.3 -34.0 193 0 7.8 24.4 10.5 3.5 2 1 3 2 2
-1581.3 -11083.1 -31.9 190 0 9.2 36.8 10.5 3.5 2 1 3 3 3
-1574.7 -11044.4 -35.4 190 0 13.1 26.7 17.5 3.5 2 1 5 3 3
-2902.6 -10185.2 -30.9 100 0 9.8 12.7 7.0 3.5 2 1 2 3 3
-2893.7 -10152.4 -31.5 280 0 14.5 12.3 10.5 3.5 4 0 3 0 0
-2906.7 -10149.0 -29.9 281 0 7.7 21.2 7.0 0.0 0 1 2 5 5
-2999.3 -10169.5 -22.5 102 0 11.8 9.2 3.5 3.5 2 0 1 0 0
-2899.0 -10217.5 -32.5 190 0 13.1 8.4 7.5 2.5 2 0 3 2 2
-2907.6 -10228.5 -32.3 188 0 23.6 5.3 2.5 2.5 2 0 1 4 4
-2935.0 -10212.7 -29.2 14 0 17.0 5.9 5.0 2.5 2 0 2 0 0
-2944.0 -10210.7 -28.7 11 0 21.4 11.1 2.5 2.5 2 0 1 4 4
-2967.0 -10212.0 -27.1 102 0 11.8 15.4 5.0 2.5 2 1 2 1 1
-2979.2 -10196.6 -25.0 11 0 8.3 28.5 5.0 2.5 2 1 2 2 2
-2996.6 -10207.8 -25.3 100 0 22.8 7.4 5.0 2.5 2 0 2 0 0
-2999.2 -10216.9 -26.3 280 0 27.0 6.5 5.0 2.5 2 0 2 2 2
-3006.5 -10233.8 -26.5 100 0 23.4 4.8 2.5 2.5 2 0 1 1 1
-3004.7 -10257.9 -27.9 99 0 7.8 7.7 7.0 3.5 2 0 2 1 1
-2971.4 -10261.3 -30.0 99 0 3.6 16.1 7.5 2.5 2 1 3 2 2
-2937.3 -10241.7 -31.3 279 0 4.3 9.2 10.5 3.5 2 1 3 0 0
-2933.6 -10291.1 -34.5 282 0 13.8 23.0 3.5 3.5 2 1 1 5 5
-2977.1 -10284.4 -32.4 283 0 11.4 17.0 3.5 3.5 2 1 1 2 2
-947.7 -11268.2 -11.3 174 0 38.5 7.9 10.5 3.5 2 0 3 4 4
-860.5 -11286.5 -8.0 327 0 22.6 9.4 10.5 3.5 2 0 3 4 4
-843.8 -11288.7 -7.3 239 0 7.9 21.8 10.5 3.5 2 1 3 4 4
-895.9 -11272.3 -8.8 325 0 9.8 11.9 7.0 3.5 2 1 2 4 4
-888.7 -11249.5 -6.8 279 0 9.1 12.9 7.0 3.5 2 1 2 4 4
-914.1 -11241.9 -8.3 264 0 8.8 25.0 10.5 3.5 2 1 3 1 1
-927.3 -11279.2 -10.5 174 0 20.0 7.3 10.5 3.5 2 0 3 0 0
-846.0 -11232.0 -3.2 234 0 7.8 28.2 7.0 3.5 2 1 2 0 0
-826.1 -11230.1 -2.0 233 0 8.4 29.5 7.0 3.5 2 1 2 3 3
-792.8 -11199.6 0.7 162 0 18.7 7.8 10.5 3.5 2 0 3 2 2
-665.9 -11190.0 2.6 193 0 9.1 22.3 10.5 3.5 2 1 3 1 1
-665.1 -11162.1 0.4 174 0 24.8 9.8 10.5 3.5 2 0 3 1 1
-3298.1 -10545.1 -11.8 98 0 20.3 13.5 10.0 2.5 2 0 4 2 2
-3375.9 -10528.3 -5.3 102 0 9.1 15.4 5.0 2.5 2 1 2 2 2
-3364.6 -10532.1 -6.4 100 0 8.2 19.3 7.5 0.0 0 1 3 4 4
-3394.1 -10567.7 -4.7 190 0 27.5 13.4 14.0 3.5 2 0 4 1 1
-3335.1 -10527.6 -8.0 12 0 14.0 7.6 7.5 2.5 2 0 3 1 1
-3259.1 -10605.0 -14.0 12 0 9.5 20.5 7.5 2.5 2 1 3 2 2
-3256.6 -10592.8 -14.1 11 0 10.6 19.9 7.5 0.0 0 1 3 2 2
-3256.4 -10567.7 -14.1 12 0 9.5 14.0 5.0 2.5 2 1 2 0 0
-3247.3 -10528.9 -14.6 0 0 9.8 19.2 7.5 2.5 2 0 3 4 4
-3246.6 -10520.5 -14.7 8 0 9.7 15.0 7.5 2.5 2 0 3 3 3
-3233.4 -10606.8 -17.2 203 0 7.7 13.0 10.5 3.5 2 1 3 4 4
-3232.0 -10597.9 -17.4 192 0 7.3 14.9 10.5 0.0 0 1 3 1 1
-3229.6 -10585.4 -17.2 193 0 9.5 12.5 10.5 3.5 2 1 3 5 5
-3228.1 -10573.1 -17.9 192 0 12.3 20.6 17.5 3.5 2 0 5 0 0
-3225.8 -10561.5 -17.9 191 0 10.7 20.5 17.5 3.5 2 0 5 5 5
-3224.2 -10550.8 -17.8 189 0 7.8 16.6 10.5 3.5 2 0 3 2 2
-3220.8 -10539.1 -18.1 187 0 7.9 18.0 10.5 3.5 2 1 3 3 3
-3215.7 -10514.6 -18.1 191 0 10.3 14.4 17.5 3.5 2 1 5 1 1
-3212.6 -10502.5 -18.1 192 0 10.0 11.1 17.5 3.5 2 1 5 3 3
-3204.5 -10487.2 -18.3 276 0 12.8 9.7 10.5 3.5 2 0 3 5 5
-3240.1 -10482.5 -15.4 279 0 9.1 20.8 7.5 2.5 2 1 3 5 5
-3252.9 -10479.9 -14.4 280 0 10.5 20.7 7.5 2.5 2 1 3 4 4
-3169.9 -10493.8 -20.9 275 0 13.0 19.2 7.0 0.0 0 1 2 0 0
-3170.6 -10537.1 -20.9 10 0 7.0 17.6 7.0 3.5 2 1 2 4 4
-3175.0 -10558.9 -20.9 11 0 10.7 18.8 17.5 3.5 4 1 5 5 5
-3177.0 -10571.1 -20.9 9 0 8.3 23.9 10.5 0.0 0 0 3 2 2
-3179.7 -10582.7 -20.7 5 0 9.3 13.7 10.5 3.5 2 0 3 0 0
-3178.2 -10595.9 -20.7 11 0 9.7 17.6 10.5 3.5 2 0 3 5 5
-3181.5 -10607.5 -20.5 13 0 11.2 20.9 17.5 3.5 2 1 5 4 4
-3196.2 -10628.0 -20.1 103 0 21.7 4.5 10.5 3.5 2 0 3 3 3
-3307.2 -10525.0 -11.7 191 0 5.3 22.6 2.5 2.5 2 1 1 0 0
-3305.8 -10514.9 -11.9 190 0 11.1 22.6 12.5 2.5 2 1 5 0 0
-3304.9 -10485.7 -12.0 192 0 12.2 24.0 12.5 2.5 2 1 5 2 2
-3291.2 -10470.5 -11.9 283 0 20.8 10.7 5.0 2.5 2 0 2 2 2
-3331.1 -10465.0 -8.6 280 0 14.8 8.5 2.5 2.5 2 0 1 3 3
-3325.2 -10494.3 -8.6 13 0 8.7 20.8 5.0 2.5 2 1 2 3 3
-3171.9 -10546.8 -21.0 14 0 9.1 18.2 10.5 3.5 2 1 3 0 0
-5128.1 -9276.1 -48.8 130 0 6.6 5.3 10.5 3.5 4 0 3 1 1
-5150.1 -9249.8 -49.1 229 0 4.9 8.9 10.5 0.0 0 1 3 5 5
-5207.4 -9181.0 -50.1 217 0 6.3 6.6 10.5 0.0 0 1 3 5 5
-5293.3 -8859.6 -53.4 195 0 5.3 5.8 10.5 3.5 4 1 3 4 4
-2673.8 -10199.5 -42.8 40 0 37.2 38.5 10.5 0.0 0 1 3 0 0
-1117.4 -11095.7 -7.0 101 1 10.6 21.2 14.0 3.5 4 1 4 5 5
-1059.4 -11046.2 -2.9 188 0 18.1 7.9 10.5 3.5 2 0 3 5 5
-992.1 -11069.4 -4.0 54 0 11.8 22.3 14.0 3.5 2 1 4 3 3
-1008.5 -11064.9 -3.9 100 0 11.5 29.1 14.0 3.5 2 1 4 0 0
-1021.6 -11067.3 -3.4 99 0 12.1 35.2 14.0 0.0 0 1 4 2 2
-1031.7 -11055.2 -3.2 98 1 11.1 20.9 14.0 3.5 2 1 4 4 4
-1051.8 -11107.1 -4.9 95 1 11.1 21.5 17.5 3.5 2 1 5 0 0
-1062.7 -11083.5 -5.3 279 0 11.8 22.2 17.5 3.5 2 1 5 2 2
-1039.5 -11084.5 -5.0 272 1 11.9 21.3 17.5 3.5 2 1 5 4 4
-1129.8 -11093.2 -7.4 100 1 10.0 17.0 14.0 0.0 0 1 4 4 4
-1149.2 -11068.2 -8.1 280 1 11.0 19.4 14.0 3.5 2 1 4 1 1
-1164.6 -11094.2 -9.1 101 0 11.5 31.4 14.0 3.5 2 1 4 2 2
-1183.2 -11071.6 -8.6 191 1 19.2 12.2 14.0 3.5 2 0 4 4 4
-1121.2 -11045.4 -4.7 100 0 18.8 14.1 17.5 3.5 2 0 5 5 5
-1139.0 -11043.2 -5.4 101 0 12.0 25.5 17.5 3.5 2 1 5 1 1
-1174.3 -11015.3 -6.5 191 0 12.1 22.0 17.5 3.5 2 1 5 1 1
-1062.6 -10878.4 -20.2 99 0 10.2 38.9 14.0 3.5 2 1 4 0 0
-1087.1 -10874.0 -26.0 100 0 11.4 41.3 14.0 3.5 2 1 4 5 5
-1105.8 -10861.4 -32.4 100 0 8.4 29.9 10.5 3.5 4 1 3 5 5
-1116.7 -10854.6 -35.3 100 0 8.1 23.8 10.5 3.5 2 1 3 3 3
-1122.9 -10825.0 -39.7 281 0 9.6 25.0 10.5 0.0 0 1 3 3 3
-1134.0 -10820.9 -45.2 281 0 13.8 32.6 14.0 3.5 2 1 4 4 4
-1047.3 -11036.0 -2.9 189 0 9.0 11.2 10.5 3.5 2 1 3 4 4
-1052.4 -11010.2 -1.9 188 0 7.2 8.1 10.5 3.5 2 1 3 4 4
-1052.5 -10973.0 -1.1 188 0 6.1 16.7 10.5 3.5 2 1 3 0 0
-1045.3 -10962.7 -1.1 187 0 5.0 16.4 10.5 0.0 0 1 3 1 1
-1043.7 -10925.0 0.0 172 0 10.7 14.6 14.0 3.5 4 1 4 3 3
-1210.6 -11029.0 -13.3 100 0 12.5 28.5 17.5 3.5 2 1 5 2 2
-1188.3 -10949.3 -27.4 10 0 23.4 9.6 10.5 3.5 4 0 3 3 3
-1181.9 -10899.9 -39.1 11 0 22.9 10.2 17.5 0.0 0 0 5 1 1
-1182.9 -10877.0 -44.2 13 0 7.4 15.1 10.5 0.0 0 1 3 1 1
-1170.8 -10846.6 -51.7 11 1 11.4 20.8 17.5 3.5 2 1 5 2 2
-1170.1 -10816.7 -55.2 280 0 9.8 18.5 10.5 3.5 2 1 3 0 0
-1085.4 -11012.8 -3.4 12 0 6.8 20.7 10.5 3.5 2 1 3 3 3
-2594.5 -11276.6 -22.9 282 0 6.5 11.8 7.0 3.5 2 0 2 4 4
-2601.3 -11293.8 -22.4 191 0 12.7 6.5 7.0 3.5 2 0 2 5 5
-2604.9 -11310.5 -21.6 191 0 10.1 6.5 7.0 3.5 2 0 2 0 0
-2606.8 -11320.1 -21.1 191 0 9.4 6.5 7.0 3.5 2 0 2 4 4
-5730.9 -9425.0 -48.5 218 0 33.8 11.9 17.5 3.5 2 0 5 3 3
-5571.4 -9503.7 -46.6 128 0 21.0 10.6 17.5 3.5 2 0 5 2 2
-5815.7 -9382.3 -48.1 272 0 30.4 7.3 10.5 3.5 2 0 3 0 0
-5458.5 -10502.4 9.6 164 0 17.7 38.6 17.5 3.5 4 1 5 3 3
-5384.3 -10813.2 24.1 30 0 22.2 17.6 10.5 3.5 2 0 3 4 4
-2069.1 -10681.0 -49.9 264 0 7.8 9.2 10.5 3.5 2 1 3 3 3
-5459.3 -9739.9 -31.9 37 0 11.2 27.9 14.0 0.0 0 1 4 5 5
-5519.7 -9677.8 -33.2 219 0 9.7 25.7 10.5 3.5 2 1 3 1 1
-5505.3 -9655.0 -34.8 220 0 10.4 29.4 14.0 3.5 2 1 4 1 1
-5354.7 -9702.9 -35.3 186 0 11.4 32.7 14.0 3.5 2 1 4 3 3
-5496.7 -9645.4 -35.5 220 0 11.4 30.1 14.0 3.5 4 1 4 4 4
-5452.9 -9729.4 -32.2 37 0 9.4 37.3 10.5 0.0 0 1 3 1 1
-5438.3 -9711.1 -32.9 38 0 10.2 19.6 14.0 3.5 2 1 4 3 3
-5444.8 -9721.0 -32.6 38 0 10.8 20.2 14.0 0.0 0 1 4 3 3
-5513.1 -9666.1 -34.1 218 0 11.3 26.8 14.0 3.5 2 1 4 5 5
-6125.4 -9708.0 -49.5 198 0 24.6 11.8 7.0 3.5 2 0 2 4 4
-6092.3 -9709.8 -49.5 31 0 39.2 9.8 10.5 0.0 0 0 3 1 1
-5812.2 -9262.2 -46.6 114 0 9.5 17.5 10.5 3.5 2 1 3 4 4
-5847.6 -9201.8 -46.3 188 0 21.3 16.1 17.5 3.5 2 0 5 4 4
-5846.9 -9166.1 -45.7 184 0 16.5 12.7 17.5 3.5 2 0 5 5 5
-5851.7 -9186.4 -45.9 185 0 8.5 7.3 3.5 3.5 4 0 1 4 4
-5819.9 -9105.9 -45.1 279 0 17.2 28.2 17.5 3.5 2 1 5 1 1
-5814.1 -9289.6 -46.9 94 0 10.6 19.9 5.0 2.5 4 1 2 1 1
-5844.4 -9278.1 -46.9 184 0 20.8 11.7 5.0 2.5 2 0 2 0 0
-5829.3 -9288.4 -47.0 101 0 9.3 24.8 7.5 0.0 0 1 3 2 2
-5855.2 -9262.6 -46.8 183 0 17.1 5.3 5.0 2.5 2 0 2 3 3
-5846.7 -9254.8 -46.8 273 0 5.4 21.1 2.5 2.5 2 0 1 2 2
-5734.2 -9172.7 -45.2 285 0 12.6 22.7 7.5 2.5 4 1 3 5 5
-5720.3 -9175.0 -45.0 285 0 11.8 20.1 10.0 2.5 4 1 4 4 4
-5706.6 -9177.2 -45.0 284 0 11.8 20.2 5.0 2.5 2 1 2 0 0
-5680.3 -9181.2 -45.0 284 0 9.6 35.7 7.5 0.0 0 1 3 0 0
-5666.9 -9184.7 -44.8 287 0 12.7 24.8 7.5 2.5 2 1 3 5 5
-5653.3 -9186.7 -44.7 288 0 11.3 24.4 10.0 0.0 0 1 4 3 3
-5639.8 -9189.2 -44.6 287 0 11.9 21.6 7.5 2.5 2 1 3 3 3
-5645.3 -9230.5 -44.9 37 0 8.6 19.7 7.5 0.0 0 1 3 2 2
-5754.1 -9203.4 -45.5 189 0 11.7 21.6 7.5 2.5 2 1 3 2 2
-5754.8 -9215.7 -45.7 189 0 11.5 21.5 7.5 2.5 2 1 3 1 1
-5755.6 -9227.9 -45.9 189 0 11.6 19.5 2.5 2.5 2 1 1 2 2
-5756.1 -9240.2 -46.1 189 0 11.5 22.3 10.0 2.5 4 1 4 2 2
-5757.2 -9252.1 -46.3 189 0 11.7 22.5 10.0 2.5 2 1 4 4 4
-5756.9 -9264.7 -46.5 189 0 11.2 19.2 7.5 2.5 2 1 3 5 5
-5758.3 -9276.4 -46.6 189 0 11.0 23.1 10.0 2.5 2 1 4 0 0
-5759.9 -9289.6 -46.8 188 0 12.4 21.3 7.5 2.5 2 1 3 2 2
-5754.3 -9315.4 -47.0 99 0 15.4 17.8 10.0 0.0 0 1 4 1 1
-5744.1 -9344.8 -47.4 307 0 15.4 8.6 10.5 3.5 2 0 3 2 2
-5746.1 -9341.9 -47.3 127 0 16.3 14.8 2.5 2.5 2 0 1 4 4
-5740.2 -9317.0 -47.1 218 0 14.7 18.8 7.5 2.5 2 1 3 3 3
-5805.6 -9390.1 -48.2 274 0 18.0 12.9 17.5 3.5 2 0 5 4 4
-5815.6 -9426.5 -48.5 92 0 19.1 10.6 17.5 3.5 2 0 5 1 1
-5662.5 -9245.4 -45.3 38 0 11.1 22.5 5.0 2.5 2 1 2 3 3
-5715.8 -9316.1 -46.9 37 0 14.7 19.6 10.0 2.5 2 1 4 0 0
-5706.9 -9303.0 -46.6 37 0 14.4 17.6 7.5 2.5 2 1 3 1 1
-5696.8 -9291.3 -46.4 37 0 14.5 18.6 5.0 2.5 2 1 2 1 1
-5687.9 -9278.4 -46.1 38 0 14.6 17.7 7.5 2.5 2 1 3 5 5
-5678.0 -9266.5 -45.8 37 0 14.3 21.0 7.5 2.5 2 1 3 2 2
-5669.8 -9255.7 -45.6 37 0 11.0 18.9 10.0 2.5 4 1 4 1 1
-5655.0 -9236.3 -45.1 38 0 11.2 22.2 7.5 2.5 2 1 3 5 5
-5547.1 -8893.5 -39.3 308 0 23.4 14.0 17.5 3.5 2 0 5 0 0
-5415.9 -9898.4 -28.4 308 0 32.1 14.8 10.5 3.5 2 0 3 0 0
-5392.4 -9846.2 -30.7 38 0 8.5 39.4 10.5 3.5 2 1 3 5 5
-5397.3 -9821.1 -31.1 308 0 26.1 7.5 10.5 3.5 2 0 3 0 0
-5394.8 -9810.4 -31.4 313 0 20.8 7.8 10.5 3.5 2 0 3 1 1
-5387.9 -9802.6 -31.8 38 0 9.5 24.6 10.5 3.5 2 1 3 4 4
-5384.2 -9769.7 -32.6 38 0 5.9 16.0 3.5 3.5 2 0 1 1 1
-5863.2 -9837.6 -48.8 301 0 16.1 17.1 17.5 3.5 2 0 5 2 2
-6075.2 -9738.7 -49.6 123 0 7.2 29.8 10.5 3.5 2 1 3 0 0
-6042.0 -9742.0 -49.6 37 0 25.3 6.4 10.5 3.5 2 0 3 2 2
-5834.8 -9864.4 -47.7 38 0 20.5 16.7 17.5 3.5 2 0 5 5 5
-6554.4 -9127.8 -22.8 99 0 24.9 11.8 14.0 3.5 2 0 4 0 0
-1058.7 -11030.3 -2.5 188 1 14.2 11.2 14.0 3.5 2 0 4 2 2
