6715.6 7731.1 -50.1 140 0 21.8 19.1 7.5 2.5 2 0 3 2 2
5305.2 10951.1 -43.1 272 0 18.1 50.4 10.0 2.5 2 1 4 4 4
5254.0 10961.5 -44.2 276 0 30.5 31.7 7.5 0.0 0 1 3 3 3
5566.7 10361.6 -52.1 164 0 30.8 10.1 15.0 0.0 0 0 6 4 4
6730.1 7540.1 -46.6 278 0 13.7 13.5 2.5 0.0 0 0 1 1 1
6624.3 7606.7 -44.4 200 0 10.1 21.9 5.0 2.5 2 1 2 0 0
-774.8 10451.6 -46.6 87 0 19.9 6.7 2.5 2.5 2 0 1 3 3
2137.2 11478.5 -48.9 86 0 22.7 15.2 10.0 2.5 2 0 4 0 0
-268.8 530.4 -21.6 96 0 24.0 11.9 12.5 2.5 2 0 5 2 2
-290.6 529.5 -16.6 17 0 5.9 20.3 7.5 0.0 0 1 3 5 5
-389.4 610.2 -14.3 71 0 12.8 30.0 10.0 2.5 2 1 4 0 0
208.7 682.7 -26.7 98 0 12.0 20.4 2.5 2.5 2 1 1 4 4
4032.2 -8868.4 -38.9 337 0 8.2 4.1 5.0 2.5 2 0 2 5 5
3467.3 -9243.8 -24.3 111 0 6.8 11.2 7.5 2.5 2 1 3 1 1
210.2 -1940.4 -29.2 9 0 5.0 10.9 2.5 0.0 0 1 1 0 0
203.1 -1948.7 -26.9 100 0 9.8 5.1 5.0 0.0 0 0 2 1 1
162.9 -1870.2 -32.7 264 0 14.4 22.0 10.0 2.5 2 1 4 5 5
6175.8 7636.2 -44.4 87 0 10.2 23.9 5.0 2.5 2 1 2 3 3
6283.7 7788.4 -48.8 289 0 25.8 11.3 10.0 2.5 4 0 4 3 3
6148.9 7791.9 -48.7 189 0 14.3 11.0 5.0 2.5 2 0 2 4 4
6349.9 7773.0 -48.3 278 0 9.4 35.4 7.5 0.0 0 1 3 4 4
3968.8 -9087.1 -37.1 147 0 18.5 11.7 7.5 2.5 2 0 3 4 4
4239.2 -8860.2 -40.4 234 0 14.0 20.4 12.5 2.5 4 1 5 1 1
4206.4 -8846.7 -40.4 115 0 10.0 18.0 5.0 0.0 0 1 2 2 2
4189.3 -8846.2 -39.7 97 0 12.8 10.0 5.0 0.0 0 0 2 2 2
4173.8 -8843.7 -39.5 97 0 13.4 14.1 5.0 2.5 2 1 2 2 2
4117.9 -8841.8 -39.0 73 0 13.4 13.8 5.0 2.5 2 1 2 3 3
4041.3 -8862.3 -38.9 164 0 9.6 13.3 2.5 2.5 2 1 1 3 3
4004.5 -8886.4 -39.2 8 0 16.3 13.6 5.0 2.5 4 0 2 2 2
3989.1 -8907.3 -39.5 9 0 16.2 15.5 7.5 2.5 2 0 3 5 5
4129.4 -8872.1 -40.0 255 0 9.3 12.5 5.0 2.5 2 1 2 4 4
4090.1 -8887.8 -39.9 252 0 14.7 8.1 2.5 2.5 2 0 1 0 0
4120.5 -8923.2 -40.8 331 0 14.6 18.3 10.0 2.5 4 1 4 5 5
4077.8 -8955.5 -41.1 57 0 16.7 13.5 7.5 2.5 2 0 3 5 5
4085.8 -8936.5 -40.7 59 0 11.6 9.5 5.0 2.5 2 0 2 2 2
4055.9 -8915.5 -40.4 235 0 21.3 14.4 10.0 0.0 0 0 4 0 0
4002.8 -8949.6 -40.7 235 0 10.5 15.4 7.5 0.0 0 1 3 2 2
3968.7 -8979.5 -40.8 150 0 8.6 29.4 7.5 2.5 2 1 3 0 0
4030.5 -8998.2 -41.2 57 0 12.6 19.2 12.5 2.5 2 1 5 4 4
3945.4 -9040.2 -41.8 42 0 13.8 10.6 7.5 2.5 2 0 3 5 5
3913.4 -9068.5 -42.0 49 0 12.0 25.6 12.5 2.5 2 1 5 3 3
3859.6 -9071.3 -40.6 48 0 13.0 15.7 5.0 2.5 2 1 2 2 2
3890.7 -9163.6 -40.6 154 0 16.5 13.8 12.5 2.5 4 0 5 2 2
3933.7 -9169.1 -35.1 325 0 12.6 16.1 5.0 2.5 2 1 2 5 5
3944.8 -9099.1 -40.4 339 0 16.6 14.7 7.5 2.5 2 0 3 5 5
3958.4 -9130.1 -35.2 327 0 13.3 13.3 5.0 0.0 0 1 2 4 4
3973.6 -9142.3 -31.9 318 0 12.6 16.4 7.5 0.0 0 1 3 1 1
3980.5 -9159.9 -29.1 313 0 11.3 18.6 5.0 2.5 2 1 2 2 2
3987.3 -9080.9 -34.4 146 0 12.7 22.8 12.5 2.5 2 1 5 0 0
4044.3 -9151.2 -18.3 140 0 11.7 19.1 7.5 2.5 2 1 3 4 4
4042.1 -9125.4 -21.1 139 0 13.4 17.2 7.5 2.5 2 1 3 5 5
4093.9 -9138.5 -12.4 318 0 13.1 22.4 10.0 2.5 2 1 4 1 1
4021.2 -9097.4 -27.0 135 0 10.7 20.2 7.5 2.5 2 1 3 2 2
4088.4 -9224.0 -13.4 13 0 14.1 12.3 7.5 2.5 4 0 3 2 2
4074.7 -9347.1 -14.6 74 1 12.3 18.8 10.0 2.5 2 1 4 5 5
4032.1 -9027.0 -33.7 229 0 10.2 14.5 7.5 2.5 2 1 3 5 5
4016.4 -9048.1 -31.6 235 0 9.1 6.7 5.0 2.5 4 0 2 5 5
4107.5 -9073.9 -18.7 317 0 9.6 23.6 7.5 2.5 2 1 3 3 3
4221.4 -9434.2 15.0 81 0 12.1 20.0 7.5 2.5 2 1 3 1 1
4250.5 -9149.4 8.0 113 0 12.7 33.0 12.5 0.0 0 1 5 4 4
4269.3 -9049.9 -11.1 99 0 12.7 20.2 7.5 2.5 2 1 3 5 5
4091.4 -9005.8 -32.3 150 0 10.9 15.3 7.5 2.5 2 1 3 0 0
4194.4 -9016.7 -21.7 67 0 12.5 15.2 7.5 2.5 2 1 3 2 2
4234.7 -9006.6 -18.4 64 0 22.3 11.9 12.5 2.5 2 0 5 4 4
4101.0 -9523.9 -34.3 87 0 6.7 18.2 7.5 2.5 2 1 3 3 3
4454.3 -8661.1 -35.0 237 0 12.2 21.2 10.0 2.5 4 1 4 5 5
4554.8 -8695.7 -35.1 309 0 19.4 13.2 12.5 2.5 2 0 5 2 2
4683.1 -9054.3 -24.3 79 0 11.3 29.6 7.5 2.5 2 1 3 1 1
4848.7 -8003.9 47.7 125 0 12.3 12.1 2.5 2.5 2 0 1 5 5
4526.1 -7743.3 -42.4 114 0 14.4 27.4 12.5 2.5 2 1 5 5 5
4227.6 -8016.6 -40.8 305 0 14.8 15.2 5.0 2.5 4 1 2 5 5
4223.2 -8066.4 -38.8 36 0 10.8 10.9 7.5 2.5 2 1 3 5 5
4490.3 -8695.4 -36.3 114 0 13.1 19.0 10.0 2.5 2 1 4 4 4
4481.0 -8414.4 -33.7 213 0 7.9 7.7 7.5 2.5 2 0 3 0 0
4473.8 -8562.5 -30.2 14 0 11.4 14.0 10.5 2.5 2 1 3 5 5
5512.7 -6064.7 -24.1 79 0 11.5 25.2 12.5 2.5 2 1 5 5 5
3957.6 -8401.4 -43.0 194 0 11.7 19.3 7.5 2.5 2 1 3 3 3
3802.3 -8544.0 -34.1 70 0 10.7 23.4 7.5 0.0 0 1 3 4 4
3839.6 -8462.7 -39.0 281 0 17.9 9.2 5.0 2.5 4 0 2 2 2
4140.7 -7522.0 -47.4 84 0 18.6 14.0 7.5 2.5 2 0 3 0 0
4037.2 -7544.2 -47.3 273 0 23.3 23.2 10.0 0.0 0 0 4 2 2
4369.7 -7217.7 -30.1 75 0 27.8 13.6 15.0 0.0 0 0 6 2 2
3980.6 -7051.2 -45.2 111 0 12.7 18.8 5.0 0.0 0 1 2 1 1
4057.3 -6983.8 -44.4 114 0 13.6 15.9 5.0 2.5 2 1 2 1 1
4488.2 -6849.7 -39.4 335 0 14.5 21.1 12.5 2.5 2 1 5 2 2
4495.6 -6889.5 -36.7 63 0 14.5 6.5 7.5 2.5 2 0 3 3 3
4546.8 -7076.3 -14.6 121 0 13.6 22.7 10.0 2.5 2 1 4 1 1
4494.0 -7201.1 -14.3 109 0 9.1 15.5 7.5 2.5 2 1 3 1 1
4426.4 -7118.1 -29.1 198 0 8.3 14.6 7.5 2.5 4 1 3 1 1
4643.7 -6899.3 -37.4 272 0 17.1 15.0 15.0 0.0 0 0 6 1 1
4685.3 -7018.0 1.3 175 0 13.0 31.5 10.0 2.5 2 1 4 0 0
4952.0 -7002.7 -42.3 42 0 9.7 21.9 7.5 2.5 2 1 3 2 2
5159.8 -7186.4 -31.0 129 0 11.9 17.3 7.5 2.5 2 1 3 0 0
5380.2 -6227.4 -26.2 106 0 14.5 24.9 10.0 2.5 2 1 4 4 4
5334.1 -6385.7 -26.9 98 0 11.3 28.5 12.5 2.5 2 1 5 4 4
5240.3 -7158.8 -23.0 312 0 10.9 21.6 7.5 2.5 2 1 3 5 5
5600.9 -6934.5 -23.4 177 0 6.8 23.4 5.0 2.5 2 1 2 4 4
5347.4 -7070.3 -26.4 130 0 16.5 15.7 12.5 2.5 2 0 5 0 0
5722.6 -6638.8 -48.4 76 0 23.0 13.6 10.0 2.5 2 0 4 5 5
-1456.2 9822.9 -56.2 150 0 16.0 14.1 5.0 2.5 2 0 2 2 2
5888.4 5459.6 -59.7 48 0 49.4 48.7 7.5 0.0 0 0 3 4 4
-2955.3 -631.8 -30.9 92 0 11.2 22.8 7.5 2.5 2 1 3 1 1
2737.3 3395.6 -27.0 278 0 22.1 15.6 10.0 2.5 2 0 4 4 4
2816.6 3368.6 -29.4 339 0 24.1 12.5 10.0 2.5 2 0 4 3 3
2661.0 3311.1 -36.5 122 0 7.0 6.7 5.0 2.5 2 0 2 1 1
2790.3 2790.5 -44.8 5 0 9.4 25.0 7.5 2.5 2 1 3 1 1
2723.7 2428.9 -25.3 63 0 7.9 9.2 7.5 2.5 2 1 3 1 1
2731.0 2444.7 -25.9 40 0 10.0 26.6 7.5 0.0 0 1 3 5 5
2928.8 2651.4 -45.1 204 0 11.2 30.4 10.0 0.0 0 1 4 4 4
2960.5 2656.0 -45.3 204 0 7.2 9.6 5.0 2.5 2 1 2 1 1
419.6 -8104.0 -32.3 229 0 7.4 13.4 7.5 0.0 0 1 3 5 5
474.6 -8099.0 -23.9 300 0 19.0 11.1 5.0 2.5 2 0 2 3 3
535.9 -8221.3 -24.5 314 0 8.5 8.0 5.0 2.5 2 0 2 0 0
714.2 -8337.5 -27.2 161 0 7.8 20.7 7.5 2.5 2 1 3 3 3
862.4 -8882.5 -30.6 138 0 26.9 24.4 12.5 0.0 0 0 5 2 2
959.9 -8827.9 -20.9 172 0 15.4 34.2 10.0 2.5 2 1 4 5 5
468.1 -8584.8 -36.0 155 0 18.8 10.8 2.5 2.5 2 0 1 5 5
233.1 -8156.6 -29.0 215 0 21.3 20.9 10.0 2.5 2 0 4 1 1
-369.0 -7822.4 -28.0 320 0 5.5 12.1 7.5 2.5 2 1 3 3 3
-379.8 -7709.9 -22.8 237 0 14.4 26.0 15.0 0.0 0 1 6 4 4
-257.9 -7856.7 -22.9 334 0 8.4 5.8 7.5 2.5 2 0 3 2 2
-280.9 -7877.3 -24.4 140 0 7.7 5.0 5.0 2.5 2 0 2 5 5
-158.2 -7913.1 -15.8 35 0 15.0 18.9 12.5 2.5 2 1 5 3 3
-85.3 -8282.7 -27.4 189 0 9.5 35.4 7.5 2.5 2 1 3 1 1
-452.4 -7666.7 -23.2 187 0 13.1 19.9 12.5 2.5 2 1 5 4 4
-768.8 -7853.7 -23.6 159 0 6.9 6.7 5.0 2.5 2 0 2 1 1
-818.6 -7281.1 -27.8 190 0 16.9 13.0 7.5 2.5 2 0 3 2 2
-1000.1 -7416.2 -29.2 152 0 12.2 16.2 5.0 2.5 2 1 2 3 3
-1490.1 -7453.5 -29.0 317 0 13.4 27.1 12.5 2.5 4 1 5 1 1
-1494.3 -7384.1 -27.2 357 0 14.8 10.2 2.5 2.5 2 0 1 2 2
-1532.0 -7416.9 -22.8 188 0 21.3 14.7 12.5 2.5 2 0 5 5 5
-1545.8 -7328.2 -20.8 177 0 18.8 18.1 10.0 0.0 0 0 4 4 4
-1202.2 -7210.5 -22.1 45 0 14.9 26.1 15.0 0.0 0 1 6 3 3
-5139.2 -6778.4 -11.8 17 0 12.7 16.8 5.0 2.5 2 1 2 3 3
-5196.9 -6796.7 -17.1 100 0 16.0 32.6 10.0 2.5 2 1 4 2 2
-5456.9 -6681.6 -23.8 121 0 4.4 12.4 5.0 2.5 2 1 2 3 3
-5466.9 -6678.9 -23.0 123 0 8.4 10.9 5.0 2.5 2 1 2 4 4
-5437.3 -6698.7 -23.7 110 0 14.7 14.2 7.5 2.5 2 0 3 4 4
-5538.0 -6473.1 15.6 336 0 15.2 24.2 12.5 2.5 2 1 5 3 3
-5576.8 -6480.5 12.1 248 0 18.7 20.5 15.0 0.0 0 1 6 1 1
-5566.4 -6516.3 3.9 133 0 13.1 20.2 10.0 2.5 2 1 4 1 1
-4847.7 -6236.5 7.3 212 0 12.4 31.0 12.5 2.5 2 1 5 4 4
-4117.6 -6241.5 -10.4 117 0 17.9 29.4 10.0 2.5 2 1 4 1 1
-4012.5 -6287.6 -19.6 217 0 9.4 9.5 5.0 2.5 2 1 2 2 2
-3539.6 -6666.0 -2.0 101 0 10.8 21.1 10.0 2.5 2 1 4 0 0
-3522.6 -6606.9 -11.1 19 0 18.8 12.8 5.0 2.5 2 0 2 5 5
-3997.1 -5959.2 -1.2 334 0 22.0 9.8 7.5 2.5 2 0 3 3 3
-3664.1 -5541.0 -9.6 15 0 13.3 6.1 7.5 2.5 2 0 3 2 2
-3188.1 -6022.0 14.2 189 0 14.9 16.5 7.5 2.5 2 1 3 4 4
-3182.3 -6062.0 4.8 62 0 13.4 25.7 10.0 2.5 2 1 4 0 0
-3123.7 -6600.1 -3.5 358 0 14.6 26.3 12.5 0.0 0 0 5 5 5
-3304.7 -6589.6 -16.3 188 0 11.6 19.9 7.5 2.5 2 1 3 4 4
-3437.4 -6023.8 -23.8 357 0 13.5 29.3 15.0 0.0 0 1 6 0 0
-3490.9 -5987.8 -25.1 281 0 9.5 11.9 7.5 2.5 2 1 3 2 2
-2888.6 -6197.6 -12.1 276 0 10.0 14.5 5.0 2.5 2 1 2 0 0
-1305.2 -7032.4 -25.2 60 0 7.7 13.7 5.0 2.5 2 1 2 1 1
-2116.8 -6649.8 -13.5 23 0 6.4 9.9 7.5 2.5 2 0 3 2 2
-2893.9 -6657.4 20.0 306 0 8.1 11.0 2.5 2.5 2 1 1 3 3
-2914.4 -6638.3 12.3 258 0 9.1 19.6 5.0 2.5 2 1 2 4 4
-2680.8 -6570.4 -20.7 130 0 8.4 8.9 7.5 2.5 2 0 3 1 1
-2689.3 -6566.0 -21.5 133 0 9.9 12.5 5.0 2.5 2 0 2 3 3
-1395.2 -6760.0 -15.7 11 0 30.0 18.0 10.0 2.5 2 0 4 0 0
-2355.5 -6546.2 -24.1 353 0 8.1 19.0 5.0 2.5 2 0 2 1 1
-2387.0 -6536.6 -26.3 263 0 22.2 24.4 10.0 2.5 2 0 4 3 3
-2139.7 -6648.7 -14.8 113 0 23.0 22.4 15.0 0.0 0 0 6 2 2
-1647.8 -6597.5 -17.0 45 0 13.3 23.3 10.0 0.0 0 1 4 0 0
-2043.4 -6219.3 -19.9 272 0 6.5 13.1 2.5 2.5 2 1 1 3 3
-1974.7 -6215.7 -21.6 303 0 10.3 21.3 7.5 2.5 2 1 3 0 0
