4529.0 -7727.0 -38.2 156 0 4.0 11.1 7.5 2.5 2 1 3 0 0
4564.6 -7671.6 -40.2 335 0 8.8 17.9 7.5 2.5 2 1 3 0 0
3131.4 -4663.4 -46.3 285 0 16.7 22.2 14.0 0.0 0 1 4 1 1
3142.3 -4687.0 -45.7 104 0 14.2 14.2 14.0 3.5 2 1 4 4 4
4886.7 -7431.2 -37.4 73 0 11.0 20.7 7.5 2.5 2 1 3 2 2
6674.8 -8594.3 -38.1 69 0 18.6 8.2 10.5 3.5 2 0 3 2 2
-4559.6 -5106.9 -43.2 99 0 22.6 23.0 14.0 0.0 0 1 4 3 3
-4578.4 -5335.0 -42.5 9 0 10.6 28.7 14.0 3.5 2 0 4 3 3
-4583.7 -5004.6 -42.2 98 0 15.4 35.3 14.0 3.5 2 1 4 5 5
-6862.6 4625.6 -39.1 148 0 14.9 49.2 14.0 0.0 0 1 4 1 1
-5781.2 -9244.1 36.8 275 0 7.0 15.0 5.0 2.5 2 1 2 0 0
778.0 -10808.4 -34.7 195 0 4.0 9.9 10.5 3.5 2 1 3 2 2
-1721.9 -9609.2 26.3 80 0 13.7 11.5 5.0 2.5 2 0 2 5 5
-1817.9 -9738.3 21.1 37 0 13.0 18.7 14.0 0.0 0 1 4 2 2
-3397.6 -5983.9 -47.3 276 0 15.3 14.7 14.0 3.5 2 0 4 2 2
-4827.5 -6312.4 -43.9 188 0 28.2 11.6 14.0 3.5 2 0 4 5 5
-3382.4 -6000.3 -47.5 96 0 15.3 14.7 14.0 3.5 4 0 4 2 2
-3338.8 -5989.4 -47.8 275 0 7.7 17.2 10.5 3.5 2 1 3 1 1
-3317.9 -5991.4 -48.0 275 0 7.7 17.2 10.5 0.0 0 1 3 4 4
-3713.9 -5962.9 -44.9 119 0 18.1 34.3 14.0 0.0 0 1 4 2 2
-3482.4 -6152.2 -45.1 275 0 28.6 12.2 14.0 3.5 2 0 4 0 0
-3414.2 -5982.2 -47.1 275 0 12.2 8.8 10.5 3.5 2 0 3 5 5
-3352.0 -5988.9 -47.7 275 0 12.3 8.9 10.5 3.5 4 0 3 2 2
-3328.2 -6110.0 -46.7 109 0 9.6 16.8 10.5 3.5 2 1 3 3 3
-3401.4 -6032.8 -47.1 276 0 26.7 11.9 14.0 0.0 0 0 4 0 0
-3563.9 -6027.8 -45.7 289 0 27.9 11.8 10.5 3.5 4 0 3 4 4
-6929.8 -5277.4 -45.4 189 0 15.6 21.5 7.5 2.5 2 1 3 2 2
-1738.9 -6930.4 -31.8 81 0 5.6 10.5 10.5 3.5 2 1 3 1 1
-1451.8 -6952.8 -19.6 352 0 17.6 21.5 14.0 3.5 4 1 4 1 1
-1422.6 -7083.1 -9.5 351 0 23.8 15.5 14.0 0.0 0 0 4 2 2
-1437.1 -9257.0 -37.1 357 0 9.4 11.9 10.5 0.0 0 1 3 3 3
-1417.5 -9264.8 -41.0 292 0 11.0 6.3 10.5 0.0 0 0 3 5 5
-1909.1 -6317.8 -41.3 344 0 20.0 21.1 7.5 0.0 0 1 3 1 1
-2737.9 -6021.1 -31.1 189 0 23.5 11.4 7.5 2.5 2 0 3 0 0
-2691.7 -5995.0 -35.3 123 0 7.9 23.9 10.5 3.5 2 1 3 5 5
-2686.0 -6006.7 -35.6 129 0 6.4 29.1 10.5 3.5 2 1 3 3 3
-2670.6 -6018.1 -35.8 130 0 13.7 26.8 14.0 3.5 4 1 4 4 4
-2572.9 -6068.7 -36.0 310 1 12.6 11.8 14.0 3.5 2 0 4 5 5
-2566.0 -6105.9 -36.2 130 0 6.5 26.2 10.5 3.5 2 1 3 4 4
-2537.2 -6096.5 -36.2 308 1 10.9 12.0 14.0 3.5 4 1 4 5 5
-2511.9 -6117.8 -36.4 306 1 13.1 13.4 14.0 3.5 2 1 4 5 5
-2523.3 -6140.1 -36.4 125 0 7.6 8.4 10.5 3.5 2 1 3 1 1
-2514.1 -6145.9 -38.1 127 0 10.7 5.9 10.5 3.5 2 0 3 3 3
-2498.6 -6124.5 -37.9 302 1 14.7 13.7 14.0 3.5 2 0 4 1 1
-2474.7 -6142.6 -42.3 305 1 14.2 17.9 14.0 3.5 2 1 4 4 4
-2435.4 -6169.5 -43.4 306 0 9.4 22.2 10.5 3.5 2 1 3 1 1
-2429.6 -6212.1 -42.0 124 0 10.4 27.2 14.0 3.5 2 1 4 3 3
-2399.0 -6197.5 -41.4 307 1 10.1 13.3 14.0 3.5 2 1 4 2 2
-2371.8 -6211.5 -40.3 306 1 12.9 13.1 14.0 3.5 2 1 4 4 4
-2743.8 -6062.4 -28.3 188 0 13.1 11.3 7.5 2.5 2 0 3 2 2
-2740.0 -6078.5 -27.7 188 0 12.6 9.9 7.5 2.5 2 0 3 3 3
-2738.3 -6093.9 -27.4 191 0 13.3 16.5 5.0 2.5 2 1 2 4 4
-2751.6 -6138.7 -24.9 189 0 8.7 28.0 7.5 0.0 0 1 3 1 1
-2729.1 -6219.6 -27.5 11 0 10.3 8.0 5.0 2.5 2 0 2 1 1
-2768.0 -6227.8 -21.1 189 0 13.9 9.5 7.5 2.5 4 0 3 5 5
-2765.6 -6259.2 -20.2 192 0 11.3 15.0 7.5 2.5 2 1 3 1 1
-2756.3 -6339.1 -19.3 9 0 10.6 12.0 7.5 2.5 2 1 3 4 4
-2755.4 -6354.1 -21.1 9 0 8.3 13.3 5.0 2.5 4 1 2 4 4
-2791.6 -6379.6 -18.8 188 0 10.2 20.4 7.5 2.5 2 1 3 5 5
-2764.1 -6414.0 -23.5 9 0 11.0 21.5 7.5 2.5 2 1 3 1 1
-2766.8 -6431.3 -22.9 9 0 13.4 16.6 7.5 2.5 2 1 3 1 1
-2795.3 -6457.7 -12.0 180 0 15.6 12.2 7.5 2.5 2 0 3 2 2
-2763.7 -6573.3 -7.6 84 0 7.8 10.3 7.5 2.5 4 1 3 5 5
-2757.9 -6525.0 -13.0 359 0 15.4 8.8 7.5 2.5 2 0 3 5 5
-3846.2 -280.5 -34.6 200 0 10.9 7.3 10.5 3.5 2 0 3 4 4
-5380.3 -3494.4 -49.4 188 0 10.8 41.0 14.0 3.5 2 0 4 1 1
-5444.0 -3573.8 -49.5 188 0 6.1 38.1 10.5 3.5 2 0 3 3 3
-5450.2 -3593.3 -48.8 184 0 15.5 41.7 10.5 3.5 2 0 3 1 1
-5459.3 -3700.9 -46.6 186 0 13.1 35.4 14.0 3.5 2 0 4 5 5
-5427.5 -3726.1 -46.3 8 0 9.8 29.1 10.5 3.5 2 0 3 4 4
-5428.9 -3736.0 -46.2 8 0 10.2 28.2 14.0 3.5 2 0 4 1 1
-5334.1 -3610.4 -47.9 167 0 11.3 6.0 10.5 3.5 2 0 3 2 2
-5450.6 -3545.2 -49.5 8 0 20.0 8.7 10.5 3.5 2 0 3 0 0
-5388.1 -3649.8 -47.3 180 0 12.2 11.4 14.0 3.5 2 0 4 4 4
-5453.8 -3619.7 -46.8 184 0 8.7 40.8 10.5 0.0 0 0 3 4 4
-5415.0 -3638.0 -46.9 7 0 11.8 26.4 14.0 3.5 2 0 4 5 5
-4492.5 -4920.0 -42.2 278 0 13.4 14.1 14.0 3.5 2 0 4 0 0
-4507.1 -4949.5 -42.0 188 0 16.6 33.6 14.0 3.5 2 0 4 1 1
-4499.0 -5164.9 -43.0 278 0 15.4 35.4 10.5 3.5 2 0 3 2 2
-4582.4 -5103.6 -42.8 99 0 7.8 25.4 10.5 3.5 2 1 3 1 1
-3967.5 -5655.1 -43.4 38 0 42.8 9.2 3.5 3.5 2 0 1 5 5
-4506.9 -4848.7 -42.0 8 0 14.8 19.7 14.0 3.5 2 0 4 0 0
-4509.3 -4862.1 -42.3 8 0 12.3 21.6 14.0 3.5 2 0 4 2 2
-4510.9 -4874.2 -42.5 8 0 12.3 26.8 14.0 3.5 2 0 4 3 3
-4515.8 -4913.5 -42.6 7 0 8.2 37.3 10.5 3.5 2 0 3 3 3
-4520.3 -4943.4 -42.3 9 0 10.7 34.4 14.0 3.5 2 0 4 2 2
-4513.8 -5016.0 -41.4 133 0 18.1 22.4 14.0 0.0 0 0 4 3 3
-4522.2 -5054.0 -42.2 189 0 9.2 15.0 10.5 3.5 2 0 3 5 5
-4523.6 -5066.3 -42.4 188 0 6.5 14.7 10.5 3.5 2 0 3 5 5
-4516.3 -5085.9 -42.7 98 0 17.7 15.1 14.0 3.5 2 0 4 5 5
-4501.4 -5079.9 -41.8 99 0 12.6 13.4 14.0 3.5 2 0 4 2 2
-4517.2 -5032.8 -41.8 232 0 14.7 20.2 14.0 3.5 2 0 4 1 1
-4493.3 -5034.3 -41.3 279 0 15.3 15.5 14.0 3.5 2 0 4 1 1
-4474.1 -5062.5 -41.3 8 0 31.2 15.4 14.0 3.5 2 0 4 0 0
-4432.9 -5043.1 -41.6 278 0 15.1 22.4 14.0 3.5 2 0 4 1 1
-4540.1 -5193.4 -42.4 188 0 11.6 20.1 10.5 3.5 2 0 3 1 1
-4536.8 -5221.5 -42.1 275 0 29.4 11.4 14.0 3.5 2 0 4 0 0
-4549.7 -5239.0 -42.1 188 0 15.9 22.3 14.0 3.5 2 0 4 4 4
-4551.3 -5250.1 -42.2 188 0 6.5 16.3 10.5 3.5 2 0 3 4 4
-4542.6 -5275.8 -42.3 99 0 19.8 20.9 14.0 3.5 2 0 4 2 2
-4525.5 -5278.4 -42.1 98 0 19.8 21.1 14.0 3.5 2 0 4 4 4
-4542.2 -5289.7 -42.6 278 0 23.3 20.8 14.0 3.5 2 0 4 4 4
-4559.9 -5311.3 -42.7 188 0 6.2 27.1 10.5 3.5 2 0 3 4 4
-4563.7 -5333.4 -42.6 188 0 5.4 19.6 10.5 3.5 2 0 3 1 1
-4560.7 -5316.9 -42.7 188 0 5.1 23.5 10.5 3.5 2 0 3 4 4
-4561.5 -5322.3 -42.7 188 0 5.7 23.5 10.5 3.5 2 0 3 1 1
-4562.9 -5327.8 -42.7 188 0 5.7 24.2 10.5 3.5 2 0 3 1 1
-4552.2 -5343.7 -42.6 98 0 25.8 5.8 10.5 3.5 2 0 3 5 5
-4493.0 -5446.7 -41.0 280 0 12.6 14.9 14.0 3.5 2 1 4 0 0
-4532.9 -5437.1 -41.1 188 0 9.9 16.9 10.5 3.5 4 1 3 2 2
-4528.9 -5450.0 -41.3 188 0 14.1 27.9 14.0 3.5 4 1 4 0 0
-4602.6 -5433.6 -41.1 166 0 17.3 13.0 14.0 3.5 2 0 4 5 5
-4595.8 -5439.8 -41.4 258 0 14.7 10.6 14.0 3.5 2 0 4 3 3
-4604.5 -5361.7 -41.6 277 0 12.9 7.1 10.5 3.5 2 0 3 1 1
-4586.2 -5265.2 -42.3 7 0 6.0 14.3 10.5 3.5 2 1 3 4 4
-4566.0 -5252.3 -42.3 8 0 12.8 34.9 14.0 3.5 2 0 4 4 4
-4564.1 -5238.7 -42.2 8 0 14.6 31.3 14.0 3.5 2 0 4 3 3
-4600.3 -5203.8 -42.5 188 0 13.1 24.9 14.0 0.0 0 0 4 5 5
-4597.5 -5191.9 -42.6 188 0 10.5 40.2 14.0 0.0 0 0 4 5 5
-4556.9 -5186.8 -42.6 8 0 10.5 29.9 14.0 3.5 2 0 4 2 2
-4555.5 -5176.7 -42.6 8 0 9.9 26.4 10.5 3.5 2 0 3 1 1
-4594.0 -5158.2 -43.3 188 0 7.7 41.0 10.5 3.5 2 0 3 3 3
-4590.9 -5132.1 -43.4 188 0 23.9 15.4 14.0 3.5 2 0 4 3 3
-4593.3 -5149.2 -43.4 188 0 10.5 41.6 14.0 3.5 2 0 4 3 3
-4551.7 -5137.5 -43.4 9 0 13.0 24.1 14.0 3.5 2 0 4 1 1
-6515.2 -6413.7 -41.5 279 0 10.1 24.2 14.0 3.5 2 1 4 1 1
-2648.9 -6592.2 -26.3 100 0 19.5 11.5 10.0 2.5 2 0 4 1 1
-2433.9 -6619.5 -2.1 98 0 13.4 14.3 7.5 2.5 2 1 3 1 1
-1824.6 -6820.8 -34.8 230 0 7.7 17.3 7.5 2.5 2 1 3 0 0
-1623.0 -6796.8 -27.6 68 0 13.1 9.2 5.0 2.5 2 0 2 3 3
-1650.1 -6787.8 -28.4 160 0 11.5 22.8 7.5 2.5 2 1 3 0 0
-2619.9 -6420.2 -27.0 301 0 9.1 19.3 5.0 2.5 2 1 2 2 2
-2653.7 -6530.0 -24.3 299 0 13.2 14.2 5.0 2.5 2 1 2 3 3
-2671.7 -6527.8 -26.8 277 0 7.6 21.5 5.0 2.5 2 1 2 1 1
-2740.7 -6480.2 -26.4 203 0 9.8 16.1 7.5 2.5 2 1 3 5 5
-2719.4 -6420.0 -28.7 211 0 17.1 16.2 10.0 2.5 2 0 4 5 5
-2558.1 -6474.7 -23.6 32 0 10.6 13.8 5.0 2.5 2 1 2 1 1
-2590.2 -6519.9 -21.2 30 0 17.7 10.7 7.5 2.5 2 0 3 1 1
-2643.5 -6404.3 -28.2 303 0 6.8 15.0 7.5 2.5 4 1 3 0 0
-2645.8 -6481.3 -24.2 120 0 7.6 11.7 5.0 2.5 2 1 2 1 1
-2661.3 -6482.6 -24.7 124 0 10.0 18.9 7.5 2.5 2 1 3 3 3
-2687.9 -6465.5 -25.8 122 0 11.4 10.1 5.0 2.5 2 0 2 4 4
-2724.3 -6544.5 -23.6 189 0 9.8 11.2 5.0 2.5 2 1 2 3 3
-2637.6 -6573.4 -25.3 11 0 11.4 11.1 5.0 2.5 4 0 2 5 5
-2202.7 -6757.7 -27.1 175 0 10.2 20.3 7.5 2.5 2 1 3 2 2
-2201.8 -6745.5 -27.8 174 0 12.7 14.8 5.0 2.5 2 1 2 3 3
-2196.2 -6730.6 -28.5 174 0 9.3 17.0 5.0 2.5 2 1 2 1 1
-2190.4 -6693.4 -29.8 195 0 8.7 17.6 5.0 2.5 2 1 2 3 3
-2182.2 -6619.3 -33.3 174 0 9.0 12.2 5.0 2.5 2 1 2 3 3
-2182.6 -6609.9 -34.1 174 0 9.8 13.6 7.5 2.5 4 1 3 0 0
-2182.5 -6590.0 -34.5 176 0 8.7 12.5 2.5 2.5 4 1 1 4 4
-2186.5 -6528.7 -35.6 175 0 12.8 21.2 7.5 2.5 2 1 3 5 5
-2185.7 -6513.1 -36.0 173 0 11.6 17.3 5.0 0.0 0 1 2 3 3
-2191.1 -6464.7 -37.7 177 0 25.5 9.2 5.0 2.5 2 0 2 5 5
-2176.5 -6449.6 -37.8 267 0 13.3 19.8 5.0 2.5 2 1 2 2 2
-2157.5 -6449.2 -37.7 265 0 6.4 20.6 7.5 0.0 0 1 3 3 3
-2110.2 -6507.9 -36.2 354 0 7.8 13.6 5.0 2.5 2 1 2 4 4
-2109.0 -6517.4 -36.1 356 0 5.1 7.9 2.5 2.5 2 1 1 5 5
-2107.3 -6537.1 -36.0 356 0 13.3 18.6 2.5 2.5 2 1 1 4 4
-2107.2 -6550.5 -35.8 354 0 13.2 14.9 7.5 2.5 2 1 3 4 4
-2111.0 -6567.5 -35.5 357 0 10.0 9.1 7.5 2.5 2 0 3 4 4
-2103.9 -6602.6 -35.2 358 0 6.9 19.4 2.5 2.5 2 1 1 4 4
-2122.3 -6610.2 -34.8 354 0 4.5 8.9 7.5 0.0 0 1 3 5 5
-2105.5 -6615.0 -35.0 355 0 10.7 11.9 5.0 2.5 2 1 2 5 5
-2104.0 -6643.7 -34.1 354 0 11.7 20.5 5.0 2.5 2 1 2 0 0
-2108.2 -6719.8 -29.5 355 0 9.4 15.5 5.0 2.5 2 1 2 4 4
-2100.1 -6753.5 -28.1 355 0 7.2 15.8 5.0 2.5 4 1 2 0 0
-2309.0 -6348.0 -36.2 182 0 10.4 12.6 7.5 2.5 2 1 3 3 3
-2222.1 -6409.8 -39.3 352 0 11.8 11.2 5.0 2.5 2 0 2 3 3
-2230.4 -6372.8 -40.6 3 0 7.0 25.8 5.0 2.5 4 1 2 0 0
-2240.8 -6417.9 -39.4 83 0 13.1 17.2 7.5 2.5 2 1 3 1 1
-2255.6 -6414.7 -38.3 84 0 10.0 11.9 5.0 2.5 2 1 2 4 4
-2270.9 -6413.2 -36.7 81 0 8.6 15.1 5.0 2.5 2 1 2 4 4
-2287.4 -6413.3 -35.2 83 0 10.0 19.7 7.5 2.5 2 1 3 3 3
-2309.7 -6394.4 -34.3 174 0 33.8 12.0 12.5 2.5 2 0 5 5 5
-2267.5 -6308.2 -41.5 263 0 10.0 18.6 7.5 0.0 0 1 3 0 0
-1987.2 -6336.3 -40.9 175 0 11.0 9.8 5.0 2.5 2 0 2 4 4
-1932.9 -6327.0 -41.1 354 0 14.7 11.4 2.5 2.5 2 0 1 3 3
-1925.4 -6392.8 -40.1 355 0 8.2 8.4 5.0 2.5 2 1 2 4 4
-1905.0 -6384.2 -40.6 195 0 13.5 8.6 5.0 2.5 2 0 2 5 5
-4338.8 -1269.5 -47.4 102 0 10.2 19.2 10.5 0.0 0 1 3 0 0
-4289.9 -1297.9 -45.9 146 0 5.8 5.6 10.5 3.5 2 0 3 1 1
-1805.0 -6087.3 -39.3 135 0 12.3 12.8 7.5 2.5 2 1 3 2 2
-1856.1 -6067.1 -47.3 236 1 11.7 13.4 14.0 3.5 2 1 4 3 3
-1809.6 -6112.3 -35.8 331 1 14.7 16.2 14.0 0.0 0 1 4 3 3
-1782.5 -6137.2 -32.2 335 0 5.9 20.8 10.5 3.5 2 1 3 2 2
-1788.1 -6813.6 -34.6 336 0 14.1 8.8 5.0 2.5 2 0 2 2 2
-1778.8 -6860.3 -34.0 68 0 14.7 10.0 5.0 2.5 2 0 2 3 3
-1783.1 -6831.7 -34.5 335 0 17.2 12.5 5.0 2.5 2 0 2 1 1
-1797.3 -6780.0 -35.2 337 0 8.8 12.9 5.0 2.5 2 1 2 3 3
-1705.4 -6816.7 -30.7 218 0 14.9 8.3 5.0 2.5 2 0 2 2 2
-1690.1 -6795.1 -30.7 334 0 13.7 15.5 5.0 0.0 0 1 2 4 4
-1764.3 -6804.3 -33.2 158 0 11.5 19.8 5.0 0.0 0 1 2 0 0
-1775.9 -6775.0 -33.9 156 0 16.6 13.3 5.0 2.5 2 0 2 5 5
-1758.4 -6754.8 -33.3 238 0 11.5 20.9 5.0 2.5 2 1 2 4 4
-1742.3 -6725.2 -32.2 198 0 9.6 24.9 7.5 0.0 0 1 3 1 1
-1790.0 -6741.5 -34.8 77 0 14.1 20.5 10.0 0.0 0 1 4 3 3
-1641.6 -6752.5 -27.9 155 0 7.8 24.1 7.5 2.5 2 1 3 5 5
-1663.6 -6746.6 -28.8 157 0 11.3 35.7 10.0 2.5 2 1 4 3 3
-1600.0 -6688.3 -26.5 342 0 5.9 22.7 7.5 2.5 4 1 3 0 0
-1641.4 -6684.7 -27.3 163 0 14.1 15.4 5.0 2.5 2 1 2 5 5
-1611.9 -6653.6 -26.3 336 0 9.2 24.6 5.0 2.5 2 1 2 4 4
-1649.1 -6621.3 -24.0 335 0 12.5 8.0 7.5 2.5 2 0 3 0 0
-1656.8 -6578.4 -12.1 338 0 7.7 27.2 7.5 2.5 4 1 3 1 1
-1662.9 -6561.6 -6.8 337 0 9.1 13.0 7.5 2.5 2 1 3 4 4
-1694.8 -6541.5 -4.9 339 0 12.9 11.0 7.5 2.5 2 0 3 5 5
-1708.7 -6499.5 -9.6 340 0 10.8 14.2 7.5 2.5 2 1 3 4 4
-1762.2 -6505.3 -19.2 155 0 7.9 9.4 5.0 2.5 2 1 2 1 1
-1735.8 -6435.4 -14.7 260 0 12.3 13.7 7.5 2.5 2 1 3 3 3
-1552.8 -6695.0 -23.4 159 0 7.8 19.3 5.0 2.5 2 1 2 3 3
-1531.4 -6641.9 -20.5 336 0 6.4 28.7 7.5 2.5 2 1 3 2 2
-1545.2 -6612.8 -19.8 336 0 6.5 21.1 7.5 2.5 2 1 3 3 3
-1582.8 -6611.7 -20.9 158 0 5.8 13.5 7.5 0.0 0 1 3 0 0
-1592.3 -6598.1 -20.2 161 0 11.3 19.5 7.5 2.5 2 1 3 1 1
-1609.1 -6572.0 -14.2 158 0 8.8 10.1 7.5 2.5 2 1 3 3 3
-1831.5 -6602.1 -36.7 74 0 13.5 9.3 2.5 2.5 2 0 1 4 4
-2133.0 -6407.1 -39.3 173 0 21.0 10.4 5.0 0.0 0 0 2 5 5
-2111.4 -6398.6 -39.6 354 0 27.3 10.4 10.0 2.5 2 0 4 1 1
-2192.8 -6326.2 -41.6 263 0 9.8 12.3 2.5 2.5 2 1 1 3 3
-2197.9 -6358.5 -40.8 173 0 11.0 9.5 5.0 2.5 2 0 2 0 0
-2196.5 -6375.9 -40.1 174 0 4.1 8.5 7.5 2.5 2 1 3 2 2
-1812.4 -6260.3 -37.8 158 0 19.5 10.3 7.5 2.5 2 0 3 2 2
-1793.8 -6262.1 -36.6 67 0 8.2 27.3 7.5 2.5 2 1 3 5 5
-1773.4 -6255.0 -33.8 48 0 9.9 26.3 7.5 0.0 0 1 3 5 5
-1745.3 -6223.4 -28.3 10 0 11.4 11.1 7.5 2.5 4 0 3 5 5
-1744.3 -6243.0 -30.8 11 0 20.6 10.9 7.5 0.0 0 0 3 1 1
-1748.3 -6189.0 -27.4 280 0 9.0 23.5 7.5 2.5 2 1 3 5 5
-1783.4 -6150.3 -29.9 238 0 19.3 11.7 5.0 2.5 2 0 2 5 5
-1847.9 -6247.3 -42.9 246 0 14.0 13.1 7.5 2.5 2 0 3 0 0
-1378.1 -9304.9 -46.4 320 0 17.7 7.6 10.5 3.5 2 0 3 0 0
-1363.8 -9341.1 -47.2 235 0 9.1 8.4 7.5 2.5 2 0 3 0 0
-2068.8 -6407.0 -39.3 86 0 13.1 17.5 5.0 2.5 2 1 2 5 5
-2021.8 -6403.9 -39.3 84 0 12.3 16.7 5.0 2.5 2 1 2 3 3
-2060.4 -6331.1 -41.1 264 0 13.1 10.7 5.0 2.5 2 0 2 5 5
-1678.5 -6472.1 0.6 154 0 8.5 8.6 7.5 2.5 2 1 3 2 2
-1663.9 -6412.8 -0.3 334 0 12.5 16.5 7.5 2.5 2 1 3 0 0
-1675.5 -6369.3 -2.3 342 0 12.6 10.3 7.5 2.5 2 0 3 4 4
-1719.6 -6335.7 -12.5 172 0 7.6 20.6 7.5 2.5 2 1 3 5 5
-1685.0 -6336.9 -8.3 328 0 6.7 7.6 7.5 2.5 2 1 3 3 3
-1706.3 -6242.0 -17.4 196 0 12.9 14.0 7.5 2.5 2 1 3 5 5
-1705.9 -6136.5 -21.1 333 0 13.6 18.6 10.0 2.5 4 1 4 4 4
-1706.7 -6223.9 -15.8 191 0 7.9 16.2 7.5 2.5 4 1 3 4 4
-1685.9 -6210.0 -11.8 334 0 12.7 10.3 5.0 2.5 2 0 2 1 1
-1686.7 -6193.7 -12.7 341 0 5.0 19.2 7.5 2.5 2 1 3 3 3
-2035.8 -6768.9 -29.3 85 0 7.8 14.1 5.0 2.5 2 1 2 4 4
-2066.2 -6733.2 -30.6 175 0 13.1 20.3 7.5 2.5 2 1 3 3 3
-1995.1 -6725.9 -32.7 355 0 12.7 21.8 12.5 2.5 2 1 5 0 0
-2069.7 -6700.0 -32.9 175 0 7.7 31.5 7.5 0.0 0 1 3 1 1
-2068.3 -6672.6 -34.4 176 0 11.7 23.9 10.0 2.5 4 1 4 2 2
-2071.2 -6661.1 -35.3 175 0 10.4 24.2 7.5 2.5 2 1 3 4 4
-1994.5 -6650.0 -36.1 352 0 10.6 13.7 2.5 2.5 2 1 1 5 5
-2073.4 -6628.4 -35.6 173 0 9.2 21.1 5.0 2.5 2 1 2 1 1
-1996.7 -6606.0 -36.6 356 0 8.9 28.5 7.5 0.0 0 1 3 1 1
-1997.8 -6576.8 -36.9 357 0 6.5 24.4 5.0 2.5 2 1 2 1 1
-2075.4 -6550.8 -36.4 174 0 11.5 14.3 5.0 2.5 2 1 2 1 1
-2073.8 -6532.5 -36.7 173 0 9.1 19.3 2.5 2.5 2 1 1 5 5
-2001.9 -6514.6 -37.6 356 0 9.1 20.8 5.0 2.5 2 1 2 0 0
-2004.6 -6498.9 -37.8 357 0 10.5 10.8 5.0 2.5 2 1 2 3 3
-2021.3 -6442.8 -38.2 265 0 11.7 8.2 5.0 2.5 2 0 2 2 2
-2003.3 -6454.0 -38.4 356 0 28.2 10.3 7.5 2.5 2 0 3 2 2
-2080.2 -6486.1 -37.2 174 0 6.7 22.5 7.5 2.5 2 1 3 5 5
-2064.0 -6476.7 -37.3 178 0 4.4 7.0 7.5 2.5 2 1 3 3 3
-2033.1 -6449.1 -38.0 266 0 8.6 19.0 7.5 2.5 2 1 3 2 2
-2050.8 -6443.5 -37.8 266 0 12.5 9.8 5.0 0.0 0 0 2 5 5
-2086.4 -6458.4 -37.8 177 0 21.3 13.3 7.5 0.0 0 0 3 1 1
-1749.2 -6411.0 -19.9 78 0 15.2 16.2 7.5 0.0 0 1 3 0 0
-1792.0 -6349.9 -28.3 158 0 11.0 17.7 7.5 2.5 2 1 3 1 1
-1756.3 -6321.6 -25.9 338 0 7.8 26.2 7.5 0.0 0 1 3 1 1
-1756.8 -6297.7 -30.3 357 0 21.1 15.7 12.5 0.0 0 0 5 0 0
-1780.8 -6316.7 -27.0 336 0 5.9 5.4 5.0 2.5 2 0 2 4 4
-1805.7 -6323.0 -32.2 157 0 12.8 17.1 7.5 2.5 2 1 3 2 2
-1862.0 -6273.7 -42.5 158 0 10.3 26.8 10.0 0.0 0 1 4 0 0
-1806.6 -6296.0 -35.8 245 0 15.4 13.7 7.5 0.0 0 0 3 3 3
-1815.9 -6295.2 -36.7 311 0 6.3 12.1 7.5 2.5 2 1 3 3 3
-1900.7 -6279.4 -42.7 156 0 18.8 10.8 12.5 0.0 0 0 5 3 3
-2140.0 -6352.8 -40.8 175 0 8.3 11.3 5.0 0.0 0 1 2 4 4
-1830.8 -6703.8 -37.3 348 0 9.6 20.0 5.0 2.5 2 1 2 0 0
-1879.9 -6777.4 -33.4 336 0 13.1 13.7 7.5 2.5 2 1 3 4 4
-1903.1 -6803.6 -31.3 158 0 6.7 8.4 7.5 2.5 2 1 3 3 3
-1905.5 -6766.9 -34.1 155 0 8.2 17.8 7.5 2.5 2 1 3 1 1
-1913.6 -6748.0 -34.2 155 0 5.6 5.8 2.5 2.5 2 1 1 1 1
-1886.5 -6727.4 -36.4 338 0 8.5 15.9 7.5 2.5 4 1 3 4 4
-1836.9 -6736.3 -36.7 351 0 7.1 4.3 7.5 2.5 2 0 3 5 5
-1852.0 -6672.4 -37.7 157 0 14.3 14.9 7.5 2.5 2 1 3 3 3
-1883.3 -6706.2 -36.9 335 0 7.8 25.5 7.5 2.5 2 1 3 3 3
-1798.8 -6413.3 -29.3 104 0 4.9 19.0 5.0 2.5 2 1 2 3 3
-2353.9 -6284.4 -34.9 283 0 8.8 13.5 7.5 2.5 2 1 3 3 3
-1829.5 -6507.7 -38.7 360 0 9.4 14.9 7.5 2.5 2 1 3 0 0
-1863.7 -6447.8 -40.2 177 0 10.7 32.9 12.5 2.5 2 1 5 4 4
-1809.6 -6439.4 -34.6 289 0 10.9 16.8 7.5 2.5 2 1 3 4 4
-1806.7 -6466.7 -31.2 104 0 10.2 15.6 7.5 2.5 2 1 3 0 0
-1855.6 -6321.2 -41.8 333 0 18.3 11.3 5.0 2.5 2 0 2 1 1
-1869.4 -6361.3 -41.5 170 0 13.1 17.0 5.0 2.5 4 1 2 4 4
-1867.1 -6378.0 -41.2 176 0 10.8 13.7 5.0 0.0 0 1 2 2 2
-1822.1 -6397.3 -35.9 108 0 11.3 14.2 7.5 2.5 4 1 3 4 4
-1963.7 -6704.0 -35.8 174 0 8.5 21.3 7.5 2.5 2 1 3 5 5
-1928.5 -6712.0 -36.2 83 0 12.7 7.0 2.5 2.5 2 0 1 4 4
-1958.8 -6677.2 -36.4 174 0 14.0 8.7 2.5 2.5 2 0 1 1 1
-1956.1 -6661.3 -36.6 174 0 14.2 8.4 5.0 2.5 2 0 2 0 0
-1882.4 -6692.3 -37.0 339 0 5.9 26.6 5.0 2.5 2 1 2 1 1
-1886.6 -6672.7 -37.2 338 0 10.3 22.2 5.0 2.5 2 1 2 1 1
-1911.2 -6687.7 -36.7 339 0 6.6 10.6 5.0 2.5 2 1 2 0 0
-1914.9 -6674.5 -36.8 338 0 4.8 6.8 5.0 2.5 2 1 2 5 5
-1950.2 -6609.7 -37.2 178 0 4.5 6.9 5.0 2.5 4 1 2 2 2
-1966.3 -6524.4 -38.3 172 0 7.9 20.4 5.0 0.0 0 1 2 0 0
-1968.2 -6508.6 -38.4 173 0 9.3 19.3 2.5 2.5 2 1 1 1 1
-1969.6 -6495.8 -38.4 174 0 9.6 11.6 2.5 2.5 2 1 1 0 0
-1975.8 -6438.3 -39.0 177 0 16.9 9.8 7.5 2.5 2 0 3 5 5
-1958.4 -6430.6 -39.2 268 0 11.5 28.2 10.0 2.5 2 1 4 4 4
-1927.2 -6429.9 -39.6 267 0 11.5 13.6 5.0 0.0 0 1 2 4 4
-1906.8 -6610.6 -37.7 330 0 13.3 12.6 5.0 2.5 2 0 2 2 2
-1899.2 -6537.6 -38.7 355 0 9.3 12.6 5.0 2.5 2 1 2 2 2
-1916.1 -6531.1 -38.5 355 0 4.8 8.5 2.5 2.5 2 1 1 0 0
-1894.1 -6490.6 -39.3 355 0 6.4 24.2 2.5 2.5 2 1 1 0 0
-2344.1 -6332.8 -31.8 3 0 9.4 13.6 5.0 2.5 2 1 2 0 0
-2342.9 -6348.5 -31.2 5 0 10.2 16.4 5.0 2.5 2 1 2 3 3
-2342.5 -6363.3 -30.6 5 0 11.9 22.3 12.5 2.5 2 1 5 1 1
-2334.6 -6391.2 -30.0 353 0 20.6 17.8 10.0 2.5 2 0 4 1 1
-2381.0 -6406.1 -26.7 100 0 9.9 7.3 5.0 2.5 2 0 2 5 5
-2445.7 -6367.1 -30.2 122 1 13.3 13.9 10.0 2.5 4 1 4 2 2
-2226.6 -6709.0 -27.9 17 0 10.6 15.4 7.5 2.5 2 1 3 4 4
-2228.1 -6689.9 -28.0 11 0 12.6 7.2 5.0 0.0 0 0 2 5 5
-2226.7 -6677.8 -28.5 10 0 7.3 13.2 5.0 2.5 2 1 2 5 5
-2217.0 -6657.6 -31.0 0 0 15.5 8.6 7.5 2.5 2 0 3 5 5
-2254.6 -6768.3 -22.2 100 0 22.2 12.2 10.0 2.5 2 0 4 4 4
-2239.8 -6752.2 -23.2 11 0 10.0 22.3 7.5 0.0 0 1 3 4 4
-2281.6 -6632.2 -20.2 281 0 6.7 15.2 7.5 2.5 4 1 3 4 4
-2378.6 -6628.6 -3.0 101 0 15.0 9.5 7.5 2.5 4 0 3 1 1
-2393.6 -6604.2 -5.7 280 0 15.5 26.0 10.0 0.0 0 1 4 3 3
-2416.7 -6625.8 -0.3 100 0 9.4 10.8 5.0 2.5 2 1 2 5 5
-2484.7 -6601.3 -7.8 281 0 15.1 13.7 5.0 2.5 2 0 2 4 4
-2502.4 -6593.5 -10.1 279 0 16.4 14.4 5.0 2.5 2 0 2 2 2
-2497.5 -6333.5 -32.9 126 0 13.0 16.9 5.0 2.5 2 1 2 0 0
-2543.8 -6291.3 -35.3 212 0 16.6 8.1 7.5 2.5 2 0 3 0 0
-972.4 -9820.4 -50.6 24 0 10.1 9.7 10.5 3.5 4 0 3 2 2
-995.1 -9801.9 -50.6 295 0 9.5 31.8 10.5 3.5 2 1 3 2 2
-1018.3 -9825.9 -50.4 114 0 7.0 6.3 10.5 3.5 2 0 3 2 2
-1044.5 -9809.0 -49.9 204 0 8.2 9.7 10.5 3.5 2 1 3 3 3
-1036.1 -9792.8 -50.5 203 0 17.2 8.9 10.5 3.5 2 0 3 0 0
-1058.1 -9783.0 -50.4 25 0 19.9 9.5 10.5 3.5 2 0 3 3 3
-1085.0 -9794.1 -49.8 116 0 6.6 7.4 10.5 3.5 2 1 3 4 4
-1075.1 -9771.9 -50.2 295 1 10.6 14.6 14.0 3.5 2 1 4 0 0
-1092.6 -9791.0 -49.8 118 0 7.4 9.6 10.5 3.5 2 1 3 2 2
-1085.4 -9768.8 -50.2 295 1 12.7 12.0 14.0 0.0 0 0 4 3 3
-1015.5 -9894.4 -52.0 112 0 4.5 8.3 10.5 3.5 2 1 3 1 1
-1009.2 -9860.0 -51.6 295 0 9.2 10.4 10.5 3.5 4 1 3 0 0
-1022.1 -9853.3 -51.3 296 1 11.3 21.3 17.5 3.5 2 1 5 5 5
-997.7 -9935.4 -53.1 26 0 15.3 14.8 17.5 0.0 0 0 5 2 2
-1053.1 -9892.1 -51.1 86 0 17.8 18.0 17.5 3.5 2 1 5 2 2
-1089.9 -9871.9 -50.5 214 0 15.3 9.3 10.5 3.5 2 0 3 4 4
-1096.0 -9896.0 -50.8 119 0 10.4 6.0 10.5 3.5 2 0 3 3 3
-1029.2 -9947.1 -52.7 88 0 10.2 9.4 10.5 3.5 2 0 3 4 4
-1040.6 -9918.0 -52.4 268 0 5.5 31.5 10.5 3.5 2 1 3 1 1
-1051.7 -9917.7 -51.7 268 0 4.8 8.0 10.5 3.5 2 1 3 5 5
-1032.6 -9848.1 -50.9 295 0 9.6 18.7 10.5 3.5 2 1 3 1 1
-1071.0 -9919.9 -51.4 268 0 4.3 11.7 10.5 3.5 2 1 3 4 4
-1076.5 -9951.4 -51.7 88 0 6.9 15.3 10.5 3.5 2 1 3 0 0
-1090.3 -9954.9 -51.9 89 0 9.9 20.3 10.5 3.5 2 1 3 0 0
-1103.7 -9953.0 -52.0 89 0 6.4 14.9 10.5 3.5 2 1 3 4 4
-1130.1 -9950.4 -52.3 114 0 11.6 35.0 17.5 0.0 0 1 5 5 5
-1104.2 -9924.4 -51.6 268 0 3.9 10.8 10.5 3.5 2 1 3 5 5
-1099.5 -9744.1 -50.4 313 0 9.8 17.5 10.5 3.5 2 1 3 4 4
-1134.0 -9759.2 -50.0 135 0 7.2 12.8 10.5 3.5 2 1 3 0 0
-1119.0 -9728.7 -50.5 314 1 10.6 22.9 14.0 3.5 2 1 4 3 3
-1124.9 -9718.5 -50.6 313 0 8.6 20.4 10.5 3.5 2 1 3 5 5
-1144.2 -9704.5 -50.6 313 0 9.5 23.1 10.5 3.5 4 1 3 5 5
-2430.3 -6253.0 -37.3 303 0 4.5 9.8 5.0 2.5 2 1 2 4 4
-2451.3 -6222.7 -39.8 305 0 14.4 15.4 7.5 0.0 0 1 3 5 5
-2488.8 -6197.3 -41.6 302 0 11.8 19.3 7.5 2.5 2 1 3 2 2
-2524.1 -6170.4 -40.7 304 0 7.9 17.8 7.5 2.5 2 1 3 3 3
-2589.1 -6119.3 -32.5 303 0 6.0 9.1 5.0 2.5 2 1 2 4 4
-2611.7 -6129.0 -31.6 122 0 7.8 9.1 5.0 2.5 2 1 2 2 2
-2660.9 -6062.3 -32.1 308 0 23.4 10.1 5.0 2.5 4 0 2 2 2
-2670.5 -6085.2 -30.8 213 0 11.1 7.5 5.0 2.5 2 0 2 4 4
-2684.5 -6117.1 -28.4 213 0 7.9 28.5 7.5 2.5 2 1 3 4 4
-2598.2 -6265.1 -37.7 124 0 13.8 13.8 5.0 2.5 2 0 2 4 4
-2635.5 -6239.0 -38.2 124 0 11.5 21.0 7.5 0.0 0 1 3 2 2
-2652.5 -6230.2 -36.1 124 0 7.7 24.9 7.5 2.5 2 1 3 1 1
-2674.2 -6214.2 -32.0 122 0 11.9 16.2 5.0 2.5 2 1 2 4 4
-2691.5 -6201.6 -28.6 88 0 8.9 12.4 5.0 2.5 4 1 2 4 4
-2595.2 -6580.3 -19.5 194 0 11.3 11.3 7.5 2.5 2 1 3 3 3
-2524.7 -6559.2 -12.2 33 0 10.1 10.6 5.0 2.5 2 1 2 4 4
-2554.3 -6517.2 -20.1 216 0 9.3 20.4 7.5 2.5 4 1 3 5 5
-2541.8 -6493.3 -21.4 216 0 12.2 13.1 7.5 0.0 0 1 3 5 5
-2500.9 -6570.8 -11.9 105 0 6.7 12.6 2.5 2.5 4 1 1 3 3
-2461.9 -6527.2 -18.1 283 0 11.3 20.7 5.0 2.5 2 1 2 3 3
-2421.4 -6584.0 -13.8 102 0 13.7 10.1 7.5 2.5 2 0 3 1 1
-2405.4 -6572.8 -15.0 102 0 10.3 8.3 5.0 2.5 4 0 2 4 4
-2374.9 -6585.9 -17.5 101 0 12.7 8.8 7.5 2.5 2 0 3 1 1
-2353.8 -6549.2 -21.1 284 0 10.5 10.3 7.5 0.0 0 0 3 5 5
-2217.8 -6556.4 -34.6 274 0 9.8 12.4 5.0 2.5 2 1 2 2 2
-2265.6 -6525.8 -32.1 86 0 10.0 10.3 10.5 3.5 2 1 3 1 1
-2265.9 -6447.4 -35.0 267 0 6.7 20.5 10.5 3.5 2 1 3 0 0
-2293.7 -6525.0 -29.2 87 0 7.6 13.4 10.5 3.5 4 1 3 0 0
-2316.2 -6451.9 -29.7 268 0 10.5 22.3 10.5 3.5 2 1 3 0 0
-2318.4 -6475.3 -28.1 270 0 6.1 5.2 10.5 3.5 2 0 3 3 3
-2327.7 -6442.7 -28.7 268 0 6.8 23.2 10.5 0.0 0 1 3 5 5
-2346.1 -6441.1 -27.1 266 0 12.7 21.9 10.5 3.5 4 1 3 0 0
-2342.7 -6516.2 -24.5 86 0 12.7 12.4 10.5 0.0 0 0 3 5 5
-2376.9 -6444.1 -23.6 268 0 12.2 20.2 10.5 3.5 2 1 3 1 1
-2388.6 -6516.6 -20.1 84 0 9.7 25.1 10.5 0.0 0 1 3 4 4
-2453.6 -6495.5 -21.1 117 0 12.0 13.7 10.5 3.5 2 1 3 3 3
-2409.1 -6440.9 -23.9 288 0 13.4 16.1 10.5 0.0 0 1 3 3 3
-2449.4 -6404.6 -26.7 302 0 10.9 17.3 10.5 3.5 2 1 3 0 0
-2504.5 -6460.1 -25.0 124 0 12.8 35.1 10.5 3.5 4 1 3 2 2
-2516.5 -6451.4 -24.9 126 0 9.6 24.0 10.5 3.5 2 1 3 2 2
-2523.2 -6436.1 -25.7 124 0 11.1 18.2 10.5 3.5 2 1 3 4 4
-2716.2 -6307.9 -33.0 217 0 8.5 12.9 10.5 3.5 2 1 3 5 5
-2703.6 -6246.5 -34.0 185 0 15.4 9.0 10.5 3.5 2 0 3 1 1
-2578.1 -6402.6 -28.1 127 0 13.4 15.8 10.5 3.5 2 1 3 0 0
-2567.1 -6332.0 -32.4 319 0 9.3 16.9 10.5 0.0 0 1 3 5 5
-2592.2 -6317.6 -33.3 306 0 10.5 23.1 10.5 3.5 2 1 3 1 1
-2642.6 -6362.9 -31.3 127 0 9.5 13.9 10.5 3.5 2 1 3 5 5
-2655.6 -6354.0 -32.1 126 0 13.7 12.9 10.5 0.0 0 0 3 2 2
-2601.0 -6305.1 -34.1 303 0 8.6 12.1 10.5 3.5 2 1 3 2 2
-2623.0 -6287.6 -35.5 304 0 6.9 14.8 10.5 3.5 2 1 3 0 0
-2639.9 -6278.6 -36.2 306 0 14.1 23.3 10.5 3.5 2 1 3 2 2
-2655.8 -6273.9 -36.5 303 0 11.4 8.4 10.5 3.5 2 0 3 2 2
-2676.1 -6251.1 -37.3 306 0 22.7 18.4 10.5 0.0 0 0 3 4 4
-1148.3 -8946.9 -48.8 114 0 5.9 13.0 5.0 2.5 2 1 2 4 4
-4154.7 -5877.5 -41.6 188 0 13.7 19.5 14.0 3.5 2 1 4 2 2
-3096.3 -6018.0 -30.6 169 0 7.1 6.9 10.5 3.5 2 0 3 0 0
-1161.9 -9876.2 -51.6 321 0 4.4 8.4 10.5 3.5 2 0 3 0 0
-1178.8 -9910.0 -52.3 142 0 11.3 25.7 17.5 3.5 2 1 5 5 5
-1194.1 -9890.2 -52.2 142 1 11.2 19.5 17.5 3.5 2 1 5 2 2
-1201.3 -9880.8 -52.1 143 1 10.1 13.1 17.5 3.5 2 1 5 2 2
-1173.4 -9862.4 -51.6 323 0 5.5 12.8 10.5 3.5 2 1 3 3 3
-1184.4 -9848.9 -51.4 320 0 6.5 6.9 10.5 3.5 2 1 3 5 5
-1203.3 -9854.7 -51.6 143 0 5.1 8.0 10.5 3.5 2 1 3 4 4
-1215.6 -9862.7 -52.0 142 0 7.8 12.8 10.5 3.5 4 1 3 4 4
-1226.6 -9807.1 -51.2 314 0 7.5 7.4 10.5 0.0 0 0 3 0 0
-1253.8 -9816.0 -51.7 127 1 11.4 20.7 17.5 3.5 2 1 5 1 1
-1252.1 -9778.8 -51.6 307 0 3.6 14.7 10.5 3.5 2 0 3 1 1
-1283.4 -9771.5 -51.6 51 0 11.6 9.8 10.5 3.5 2 0 3 2 2
-1308.4 -9774.0 -51.8 123 0 8.9 25.3 10.5 3.5 2 1 3 2 2
-1325.4 -9766.4 -52.0 99 0 7.0 31.2 10.5 0.0 0 1 3 5 5
-1335.0 -9765.1 -52.1 98 1 10.3 19.0 17.5 3.5 2 1 5 3 3
-1347.6 -9763.5 -52.2 98 0 9.8 9.3 10.5 3.5 2 0 3 3 3
-1358.4 -9757.0 -52.0 98 0 7.8 25.6 10.5 3.5 2 1 3 0 0
-1387.2 -9397.7 -41.4 148 0 9.3 4.6 10.5 3.5 2 0 3 5 5
-1377.3 -9370.3 -42.9 324 0 4.7 8.3 10.5 3.5 2 1 3 1 1
-1407.4 -9368.8 -38.8 237 0 11.2 9.0 10.5 3.5 2 0 3 3 3
-2037.6 -6803.5 -26.7 270 0 14.7 14.5 14.0 3.5 2 0 4 1 1
-1542.8 -9819.4 -53.1 73 0 5.4 8.9 7.5 2.5 2 1 3 5 5
-1383.9 -9757.6 -52.0 97 0 8.4 19.8 10.5 0.0 0 1 3 3 3
-1381.5 -9725.9 -51.4 278 0 6.1 10.8 10.5 3.5 2 1 3 4 4
-1411.8 -9721.3 -51.3 278 0 4.1 10.8 10.5 0.0 0 1 3 2 2
-1461.4 -9747.8 -50.4 77 0 4.3 7.7 10.5 0.0 0 1 3 3 3
-1481.0 -9735.0 -49.7 257 0 9.8 6.0 10.5 0.0 0 0 3 3 3
-1487.6 -9769.0 -49.3 78 0 4.7 15.1 10.5 3.5 2 1 3 5 5
-1489.6 -9737.5 -49.2 259 0 6.3 9.1 10.5 3.5 2 1 3 0 0
-1520.2 -9779.4 -48.4 74 1 10.1 20.5 17.5 0.0 0 1 5 4 4
-1547.3 -9785.1 -49.2 75 0 9.8 22.9 10.5 0.0 0 1 3 2 2
-1589.1 -9770.3 -46.3 254 0 9.4 12.3 10.5 0.0 0 1 3 4 4
-1573.7 -9793.9 -49.9 76 0 8.8 15.7 10.5 3.5 2 1 3 5 5
-1582.0 -9763.2 -46.2 253 0 5.1 8.3 10.5 3.5 2 1 3 5 5
-1651.0 -9837.3 -41.7 66 0 9.4 14.8 10.5 3.5 2 1 3 2 2
-1640.8 -9830.8 -43.4 69 0 18.9 16.2 14.0 3.5 4 0 4 4 4
-1634.8 -9779.5 -38.3 247 0 9.8 10.3 10.5 3.5 2 1 3 4 4
-1311.0 -9665.3 -49.7 226 0 7.2 7.4 10.5 3.5 2 1 3 0 0
-1331.1 -9643.8 -49.2 232 0 8.8 11.7 10.5 3.5 2 1 3 1 1
-1416.1 -9652.0 -49.3 10 0 5.2 13.0 10.5 3.5 2 1 3 4 4
-1392.6 -9628.6 -48.8 43 0 5.0 7.2 10.5 3.5 2 1 3 5 5
-1378.1 -9639.9 -49.1 44 0 5.4 15.4 10.5 3.5 2 1 3 2 2
-1367.1 -9631.0 -48.9 43 0 9.7 10.8 10.5 3.5 2 1 3 2 2
-1355.3 -9625.8 -48.8 43 0 8.3 14.0 10.5 3.5 2 1 3 0 0
-1350.9 -9614.8 -48.7 44 0 5.2 12.9 10.5 3.5 2 1 3 1 1
-1358.7 -9597.8 -47.7 64 0 6.5 13.9 10.5 3.5 2 1 3 2 2
-1462.9 -9510.2 -24.5 303 0 9.4 9.2 10.5 3.5 2 0 3 0 0
-1422.1 -9504.8 -33.6 235 1 13.1 16.8 17.5 3.5 2 1 5 2 2
-1408.9 -9469.1 -37.6 127 1 14.5 15.4 17.5 3.5 2 1 5 3 3
-1465.1 -9486.6 -28.1 144 0 6.1 9.8 10.5 3.5 2 1 3 5 5
-1538.9 -9509.0 -5.0 235 0 11.8 12.4 17.5 0.0 0 1 5 4 4
-1497.4 -9488.1 -17.1 322 0 10.3 20.5 17.5 3.5 2 1 5 1 1
-1506.9 -9478.9 -14.2 325 1 11.5 17.6 17.5 3.5 2 1 5 4 4
-1526.6 -9469.7 -10.5 239 1 12.4 11.4 17.5 3.5 2 0 5 4 4
-1370.6 -9483.0 -41.6 20 0 12.3 6.6 10.5 3.5 2 0 3 3 3
-1434.0 -9467.7 -32.5 57 1 15.6 11.7 17.5 3.5 2 0 5 1 1
-1474.0 -9469.8 -30.2 146 0 8.9 28.4 10.5 3.5 2 1 3 4 4
-1476.3 -9459.0 -25.8 142 0 7.4 10.8 10.5 3.5 2 1 3 0 0
-1470.7 -9431.5 -25.8 235 1 11.9 10.3 17.5 3.5 2 0 5 2 2
-1414.7 -9418.2 -35.3 321 1 10.1 11.8 17.5 3.5 2 1 5 5 5
-1422.0 -9408.7 -33.8 325 0 9.6 15.1 10.5 3.5 2 1 3 2 2
-1444.4 -9394.9 -31.8 232 1 11.8 12.9 17.5 3.5 4 1 5 5 5
-1562.6 -9695.4 -40.4 42 0 8.7 10.9 10.5 3.5 2 1 3 0 0
-1539.4 -9665.9 -39.5 46 0 8.4 9.0 10.5 3.5 2 1 3 2 2
-1545.7 -9639.9 -37.4 208 1 10.4 22.4 17.5 3.5 2 1 5 3 3
-1523.2 -9646.4 -34.8 44 0 7.6 8.9 10.5 3.5 2 1 3 0 0
-1501.9 -9548.5 -21.7 233 0 10.2 6.1 10.5 0.0 0 0 3 3 3
-1514.7 -9637.0 -33.2 57 1 11.2 16.2 17.5 3.5 2 1 5 1 1
-1470.2 -9594.5 -36.2 47 0 7.5 9.7 10.5 3.5 2 1 3 2 2
-1460.1 -9585.0 -35.9 44 0 9.5 9.2 10.5 3.5 2 0 3 3 3
-1441.9 -9567.1 -34.9 39 0 6.5 9.4 10.5 3.5 2 1 3 2 2
-1119.0 -9875.8 -50.9 37 0 9.7 10.2 10.5 3.5 2 1 3 1 1
-1107.0 -9856.0 -50.2 46 0 5.7 6.7 10.5 3.5 4 1 3 4 4
-1135.3 -9866.6 -50.8 133 0 7.5 23.8 10.5 0.0 0 1 3 2 2
-1106.1 -9814.9 -49.7 315 1 12.1 10.1 14.0 3.5 2 0 4 1 1
-1150.9 -9850.1 -50.7 135 0 7.6 18.3 10.5 3.5 2 1 3 0 0
-1150.9 -9818.6 -50.1 133 0 5.2 7.2 10.5 3.5 4 1 3 2 2
-1173.6 -9821.2 -50.5 134 1 10.6 14.4 14.0 3.5 2 1 4 0 0
-1139.6 -9787.9 -49.8 315 1 14.4 14.1 14.0 3.5 2 0 4 1 1
-1182.0 -9810.9 -50.5 139 1 10.2 12.3 14.0 3.5 2 1 4 0 0
-1190.0 -9801.6 -50.5 133 0 9.6 12.5 10.5 3.5 2 1 3 3 3
-1156.4 -9770.7 -50.0 313 0 5.2 13.7 10.5 0.0 0 1 3 4 4
-1168.3 -9782.4 -50.1 312 0 6.3 5.7 10.5 3.5 2 0 3 0 0
-1184.6 -9700.5 -50.1 50 0 8.2 13.3 10.5 3.5 2 1 3 3 3
-1234.0 -9735.7 -50.2 47 0 4.1 9.8 10.5 3.5 2 1 3 4 4
-1183.1 -9666.0 -50.8 324 1 10.8 16.4 17.5 3.5 4 1 5 1 1
-1198.8 -9646.1 -51.0 325 0 20.8 15.5 17.5 3.5 2 0 5 1 1
-1246.6 -9637.2 -49.7 145 0 5.1 9.5 10.5 3.5 2 1 3 2 2
-1285.8 -9595.1 -49.1 147 0 4.1 8.0 10.5 0.0 0 1 3 3 3
-1407.1 -9572.5 -43.8 223 0 7.8 14.0 10.5 0.0 0 1 3 5 5
-1279.2 -9542.2 -50.8 327 0 7.7 15.8 10.5 0.0 0 1 3 4 4
-1340.0 -9496.2 -45.5 147 0 10.9 9.5 10.5 3.5 2 0 3 2 2
-1345.4 -9485.8 -45.0 154 0 11.7 8.8 10.5 3.5 2 0 3 2 2
-1318.0 -9468.8 -48.7 328 0 8.0 15.4 10.5 3.5 2 1 3 1 1
-1370.6 -9526.2 -42.6 223 0 28.1 8.5 10.5 3.5 4 0 3 0 0
-1397.9 -9558.9 -42.1 223 0 4.9 11.7 10.5 3.5 2 1 3 4 4
-1341.0 -9534.7 -44.2 337 0 9.3 7.1 10.5 3.5 2 0 3 5 5
-1340.3 -9553.6 -46.1 313 0 8.9 11.3 10.5 3.5 2 1 3 1 1
-1356.5 -9566.5 -46.4 314 0 5.7 10.0 10.5 3.5 2 1 3 1 1
-1348.1 -9593.7 -47.8 42 0 11.7 4.3 10.5 3.5 2 0 3 5 5
-1325.3 -9597.3 -48.4 43 0 17.3 9.4 10.5 3.5 2 0 3 0 0
-1410.5 -9599.2 -46.8 220 0 6.3 7.0 10.5 3.5 4 1 3 3 3
-1437.0 -9599.8 -48.0 225 0 10.7 29.4 17.5 3.5 2 1 5 3 3
-1441.1 -9610.6 -46.3 224 0 9.6 13.6 10.5 3.5 2 1 3 5 5
-1450.3 -9618.1 -48.0 221 0 9.4 20.1 10.5 3.5 2 1 3 4 4
-1460.4 -9626.0 -47.7 223 1 12.4 19.0 17.5 0.0 0 1 5 0 0
-1438.1 -9647.8 -49.3 221 0 9.6 4.6 10.5 3.5 2 0 3 0 0
-1452.3 -9653.1 -49.5 224 0 10.1 8.8 10.5 3.5 2 0 3 2 2
-1476.5 -9646.5 -48.5 226 1 11.2 14.3 17.5 3.5 2 1 5 0 0
-1487.7 -9658.7 -48.9 224 1 14.6 13.2 17.5 3.5 2 0 5 5 5
-1470.5 -9668.0 -49.7 237 0 9.4 5.8 10.5 3.5 2 0 3 4 4
-1509.3 -9712.4 -48.3 75 0 9.1 5.7 10.5 3.5 2 0 3 0 0
-1493.1 -9708.3 -49.0 77 0 6.7 7.4 10.5 3.5 2 1 3 2 2
-1463.8 -9701.2 -50.4 79 0 9.9 14.7 10.5 0.0 0 1 3 3 3
-1449.5 -9702.0 -50.5 78 0 9.3 27.6 10.5 3.5 2 1 3 0 0
-1437.0 -9695.6 -50.3 79 1 10.1 16.8 17.5 3.5 2 1 5 0 0
-1401.7 -9673.8 -49.8 4 0 8.1 3.7 10.5 3.5 2 0 3 4 4
-1380.8 -9667.5 -49.7 7 0 8.5 4.0 10.5 3.5 2 0 3 5 5
-1372.9 -9702.0 -50.6 7 0 6.6 11.5 10.5 3.5 2 1 3 5 5
-1370.5 -9678.3 -50.1 9 1 20.2 11.5 17.5 3.5 2 0 5 2 2
-1244.5 -9711.2 -50.0 325 0 7.6 6.9 10.5 3.5 2 0 3 0 0
-1261.3 -9725.8 -50.3 147 1 11.6 12.0 14.0 3.5 2 1 4 4 4
-1275.4 -9730.8 -50.6 148 0 3.8 11.1 10.5 3.5 2 1 3 2 2
-1294.8 -9717.3 -50.6 124 0 8.7 14.9 10.5 3.5 2 1 3 5 5
-1245.4 -9681.4 -49.7 325 1 10.4 19.3 14.0 3.5 2 1 4 1 1
-1291.1 -9691.3 -50.1 117 0 6.7 7.3 10.5 3.5 2 1 3 2 2
-1316.3 -9709.6 -50.7 99 0 8.5 21.0 10.5 3.5 2 1 3 1 1
-1342.2 -9707.6 -50.7 97 0 8.2 16.9 10.5 3.5 2 1 3 1 1
-1353.4 -9705.1 -50.6 95 0 8.6 19.3 10.5 3.5 2 1 3 2 2
-1366.7 -9675.4 -50.5 190 0 21.3 10.6 14.0 3.5 4 0 4 2 2
-1267.6 -9652.8 -49.5 323 0 6.6 17.4 10.5 3.5 2 1 3 4 4
-1311.7 -9648.2 -49.2 234 0 11.3 3.3 10.5 3.5 2 0 3 2 2
-1291.6 -9626.2 -48.8 325 0 6.0 13.5 10.5 0.0 0 1 3 3 3
-1309.5 -9615.2 -48.7 232 0 15.4 8.4 10.5 3.5 2 0 3 5 5
-940.4 -9837.8 -51.9 295 0 4.9 14.8 10.5 3.5 2 1 3 0 0
-944.7 -9863.8 -52.5 168 0 8.4 10.5 10.5 0.0 0 1 3 2 2
-6370.4 -5463.6 -44.7 190 0 11.2 11.2 3.5 3.5 2 0 1 1 1
-6330.7 -5469.7 -44.8 8 0 8.6 15.7 3.5 3.5 2 1 1 1 1
-6326.3 -5435.6 -44.8 9 0 5.2 12.5 3.5 3.5 4 1 1 2 2
-6748.3 -5091.5 -44.7 280 0 9.5 24.2 5.0 2.5 4 1 2 0 0
-6372.6 -5485.1 -44.8 190 0 8.0 9.6 3.5 3.5 2 1 1 0 0
-3988.1 -5475.9 -43.0 188 0 6.4 33.7 10.5 3.5 2 1 3 4 4
-3992.2 -5471.1 -42.7 97 0 5.8 9.5 10.5 3.5 2 1 3 4 4
-4006.0 -5452.1 -42.9 161 0 11.8 28.2 14.0 0.0 0 0 4 4 4
-4017.5 -5443.3 -42.6 186 0 7.4 11.5 10.5 3.5 2 0 3 0 0
-3989.2 -5434.8 -42.7 326 0 13.0 19.3 14.0 0.0 0 1 4 1 1
-4024.0 -5422.9 -42.7 152 0 13.9 22.0 14.0 0.0 0 1 4 4 4
-4065.9 -5380.2 -42.5 189 0 5.1 8.1 10.5 0.0 0 1 3 2 2
-6732.3 -5094.0 -44.6 280 0 5.1 18.4 5.0 2.5 2 1 2 4 4
-6741.3 -5129.1 -44.7 99 0 8.4 7.0 2.5 2.5 2 0 1 2 2
3343.7 -4967.6 -42.4 85 0 23.5 18.4 14.0 3.5 2 0 4 2 2
-4963.4 -5512.4 -43.2 9 0 9.5 27.1 10.5 3.5 2 1 3 1 1
-4959.5 -5480.3 -43.2 9 0 6.5 18.6 10.5 3.5 2 1 3 5 5
-4993.2 -5436.4 -43.1 279 0 7.2 9.6 10.5 3.5 2 1 3 2 2
-4956.7 -5459.1 -43.2 8 0 12.9 21.7 14.0 3.5 2 1 4 4 4
-5075.9 -5498.2 -43.0 98 0 13.2 11.3 14.0 0.0 0 0 4 1 1
-4404.7 -4290.9 -41.8 94 0 18.8 11.5 10.5 3.5 2 0 3 1 1
-4403.7 -4278.1 -41.8 70 0 11.6 16.7 10.5 3.5 2 1 3 0 0
-4440.7 -4254.7 -42.2 146 0 23.4 11.5 10.5 3.5 2 0 3 2 2
-4455.1 -4236.4 -42.5 147 0 7.5 33.8 10.5 3.5 2 1 3 4 4
-4415.2 -4206.8 -42.5 325 0 10.6 9.6 10.5 3.5 2 0 3 2 2
-4474.9 -4206.1 -43.4 142 0 22.3 18.0 10.5 3.5 2 0 3 4 4
-4435.5 -4180.1 -43.5 326 0 16.5 23.2 10.5 0.0 0 1 3 3 3
-4504.6 -4145.8 -44.9 125 0 9.5 41.4 10.5 3.5 2 1 3 0 0
-4549.7 -4142.1 -45.9 98 0 10.3 44.3 10.5 0.0 0 1 3 1 1
-4579.8 -4138.9 -46.4 98 0 10.1 48.2 10.5 3.5 2 1 3 0 0
-6445.9 -4741.7 -45.3 100 0 35.9 40.1 14.0 0.0 0 1 4 3 3
