-2166.8 10453.6 28.4 98 0 43.6 16.1 7.5 2.5 2 0 3 2 2
-2187.7 10401.5 23.2 189 0 26.3 81.8 12.5 0.0 0 1 5 3 3
-2315.1 10315.3 31.2 59 0 30.3 21.9 12.5 0.0 0 0 5 1 1
-2204.7 10319.4 22.7 186 0 26.6 12.0 12.5 2.5 2 0 5 0 0
-1292.2 6256.3 10.1 45 0 15.3 15.3 10.0 2.5 2 1 4 3 3
-2987.7 8115.6 13.4 304 0 23.2 37.5 7.5 0.0 0 1 3 4 4
-3033.7 8126.3 13.6 289 0 12.4 8.3 2.5 2.5 2 0 1 0 0
-3579.2 8049.7 7.8 185 0 13.0 109.9 10.0 2.5 4 1 4 0 0
-3575.7 7827.5 -6.1 278 0 15.6 116.4 12.5 0.0 0 1 5 5 5
-3543.7 7823.2 -6.9 278 0 13.6 116.1 7.5 2.5 2 1 3 4 4
-3605.8 7833.4 -4.3 279 0 13.5 117.6 10.0 2.5 2 1 4 0 0
-3574.0 7866.3 0.4 179 0 23.0 10.6 5.0 2.5 2 0 2 0 0
-2535.2 8380.9 2.1 91 0 41.5 29.5 10.0 0.0 0 0 4 1 1
-2591.5 8381.9 3.8 273 0 32.0 25.4 10.0 0.0 0 0 4 1 1
-2617.8 8383.8 3.9 275 0 16.0 25.1 10.0 2.5 2 1 4 3 3
-2562.6 8371.3 4.2 275 0 22.7 19.2 7.5 2.5 2 0 3 3 3
-2565.0 8395.3 2.2 91 0 18.1 17.8 10.0 2.5 2 0 4 3 3
6811.0 9846.3 -60.3 278 0 7.2 14.9 8.0 2.5 2 1 2 1 1
-2672.8 7879.7 10.3 106 0 18.8 16.5 7.5 2.5 2 0 3 3 3
-2795.5 7932.9 9.6 130 0 10.9 12.1 5.0 2.5 2 1 2 0 0
-2366.2 10492.9 40.0 139 0 4.5 8.4 5.0 2.5 2 0 2 1 1
-1802.4 6934.2 4.2 237 0 11.9 7.7 5.0 2.5 2 0 2 3 3
-1314.6 6220.5 6.6 99 0 9.9 10.0 5.0 2.5 2 1 2 0 0
-1224.1 6193.7 7.5 36 0 22.6 18.3 10.0 2.5 2 0 4 3 3
-63.5 10058.7 -2.6 129 0 17.7 24.7 12.5 2.5 2 1 5 2 2
1.7 10081.1 1.9 282 0 6.3 7.7 7.5 2.5 2 1 3 3 3
164.3 9959.9 7.6 187 0 6.6 12.0 7.5 2.5 2 1 3 2 2
182.8 9943.8 7.8 97 0 14.9 13.1 7.5 2.5 2 0 3 3 3
