377.3 11124.1 -41.8 20 0 15.8 15.8 2.5 2.5 2 0 1 0 0
436.7 11197.0 -43.2 140 0 15.0 15.3 7.5 2.5 2 1 3 0 0
143.8 11488.2 -105.4 349 0 9.4 11.6 7.5 2.5 2 1 3 5 5
1756.6 7885.8 43.9 264 0 19.2 45.5 12.5 2.5 2 1 5 4 4
2043.5 1904.2 -94.7 328 0 14.6 14.3 2.5 0.0 0 0 1 1 1
2004.0 1875.0 -92.0 145 0 14.9 12.0 7.5 2.5 2 0 3 3 3
-375.7 859.8 10.4 112 0 15.1 25.5 10.0 2.5 4 1 4 3 3
-1158.8 1166.6 13.7 27 0 13.0 12.5 7.5 2.5 2 0 3 3 3
1570.2 5616.8 87.3 25 0 8.6 6.8 7.5 0.0 0 0 3 2 2
1574.2 5647.2 85.8 355 0 17.5 18.9 12.5 2.5 2 1 5 1 1
2006.5 4690.5 40.2 183 0 5.1 7.9 7.5 0.0 0 1 3 2 2
1544.8 5615.3 86.8 247 0 11.1 7.8 5.0 2.5 2 0 2 2 2
2272.6 4886.8 28.2 92 0 7.7 4.7 5.0 2.5 2 0 2 5 5
1583.5 5607.0 88.0 354 0 12.2 11.4 10.0 0.0 0 0 4 2 2
2756.7 6704.3 33.2 103 0 11.3 17.1 10.0 2.5 2 1 4 4 4
2008.1 4928.7 40.2 86 0 9.3 12.9 2.5 2.5 2 1 1 4 4
2768.9 5593.0 36.0 98 0 13.8 9.4 5.0 2.5 2 0 2 0 0
1950.5 4961.4 48.6 21 0 13.8 20.8 10.0 2.5 4 1 4 0 0
1956.7 4897.7 42.6 269 0 13.3 20.8 12.5 0.0 0 1 5 1 1
5467.5 3432.0 -93.0 331 0 9.3 13.6 7.5 2.5 2 1 3 1 1
1716.2 5030.0 79.1 187 0 21.8 18.7 10.0 2.5 2 0 4 4 4
1476.6 5098.3 98.7 261 0 5.0 8.2 7.5 2.5 2 1 3 0 0
2431.7 5637.2 39.8 278 0 18.2 9.6 7.5 2.5 2 0 3 5 5
1881.3 4809.2 40.5 333 0 16.7 9.0 7.5 2.5 4 0 3 0 0
2114.5 4629.9 39.0 181 0 4.6 7.6 7.5 0.0 0 1 3 2 2
1571.5 5084.9 97.1 81 0 7.8 4.8 7.5 2.5 2 0 3 3 3
2076.1 5350.2 73.5 315 0 7.4 6.3 5.0 2.5 2 0 2 5 5
2781.4 5579.6 34.8 188 0 22.4 8.7 7.5 2.5 2 0 3 3 3
1963.3 4962.2 45.2 310 0 13.0 36.7 10.0 2.5 2 1 4 3 3
1604.0 5173.2 91.6 141 0 5.5 13.1 2.5 2.5 2 1 1 4 4
1968.7 4978.5 45.2 37 0 18.7 15.5 10.0 2.5 2 0 4 3 3
1903.0 4966.0 56.2 94 0 16.7 20.5 12.5 2.5 2 1 5 3 3
2091.5 5354.1 72.9 141 0 13.7 13.0 10.0 0.0 0 0 4 2 2
1967.9 4927.6 43.9 13 0 12.8 16.6 10.0 2.5 2 1 4 1 1
1515.1 4979.4 90.8 130 0 18.8 26.3 10.0 2.5 2 1 4 4 4
1656.5 5080.5 87.5 257 0 16.1 26.0 10.0 2.5 4 1 4 0 0
2091.3 5943.5 67.9 6 0 12.7 29.0 15.0 0.0 0 1 6 2 2
2133.5 5891.2 69.3 125 0 11.2 39.3 12.5 0.0 0 1 5 3 3
2071.2 5915.4 72.3 301 0 7.7 15.3 7.5 2.5 2 1 3 0 0
2495.8 4816.4 20.7 303 0 7.7 12.2 5.0 2.5 2 1 2 2 2
1732.5 5991.7 72.2 165 0 12.9 25.4 12.5 2.5 4 1 5 5 5
2694.3 5954.4 55.7 4 0 6.4 6.4 2.5 2.5 4 0 1 5 5
2058.4 6278.5 54.5 270 0 4.5 7.1 7.5 2.5 2 1 3 4 4
1259.1 5779.8 70.8 335 0 22.3 14.0 12.5 0.0 0 0 5 3 3
2280.7 6324.7 60.2 98 0 11.9 12.5 7.5 0.0 0 1 3 4 4
1207.7 5844.6 71.2 117 0 9.1 21.3 2.5 0.0 0 1 1 5 5
2588.6 4581.4 40.0 349 0 7.9 15.1 5.0 0.0 0 1 2 2 2
2692.1 5915.0 55.3 94 0 13.6 34.7 10.0 0.0 0 1 4 0 0
2659.1 4733.3 25.5 170 0 8.2 8.0 7.5 2.5 2 0 3 1 1
2564.1 4662.3 35.7 261 0 4.6 6.7 2.5 2.5 2 1 1 3 3
2663.5 4742.4 24.9 173 0 5.8 5.8 2.5 2.5 2 0 1 4 4
2545.0 4655.7 36.2 241 0 5.8 7.2 7.5 2.5 2 1 3 0 0
1934.6 6299.6 53.2 19 0 15.9 25.6 10.0 2.5 2 1 4 0 0
2641.6 4712.8 27.0 170 0 9.2 19.8 5.0 2.5 4 1 2 1 1
2361.2 6368.7 57.8 302 0 18.3 12.8 5.0 2.5 2 0 2 2 2
2346.5 6376.1 57.3 297 0 4.8 11.0 7.5 2.5 4 1 3 1 1
2301.2 6300.2 63.3 193 0 10.0 31.7 7.5 2.5 4 1 3 1 1
1894.9 6380.5 51.5 296 0 4.7 16.7 5.0 0.0 0 1 2 2 2
1775.6 6022.3 69.4 344 0 12.4 13.9 7.5 2.5 2 1 3 2 2
2038.2 6243.8 55.3 185 0 12.9 16.5 2.5 2.5 2 1 1 2 2
2089.7 5829.0 78.4 30 0 11.5 16.2 5.0 2.5 2 1 2 0 0
3866.3 5894.5 18.0 26 0 18.1 7.7 7.5 2.5 2 0 3 0 0
3833.1 5912.4 16.9 283 0 7.8 8.9 2.5 2.5 2 1 1 3 3
4087.9 5720.4 24.4 199 0 7.4 9.0 5.0 0.0 0 1 2 5 5
3864.6 5870.7 16.7 224 0 16.0 40.3 12.5 2.5 2 1 5 3 3
1133.3 5579.6 77.8 358 0 19.0 17.8 12.5 0.0 0 0 5 1 1
1149.3 5341.2 89.6 218 0 12.0 15.4 10.0 0.0 0 1 4 1 1
1125.5 6192.3 80.8 123 0 15.9 32.3 10.0 0.0 0 1 4 3 3
768.8 5405.3 84.7 312 0 25.0 25.7 15.0 0.0 0 1 6 4 4
1381.4 6415.0 70.0 50 0 8.6 8.1 7.5 2.5 2 0 3 5 5
1204.8 5512.0 82.1 270 0 18.0 11.2 5.0 2.5 2 0 2 1 1
990.5 5343.4 89.5 353 0 8.2 12.6 7.5 2.5 2 1 3 4 4
757.2 5463.6 84.3 323 0 26.0 14.1 10.0 2.5 2 0 4 4 4
721.2 5918.8 93.0 348 0 13.0 29.2 10.0 0.0 0 1 4 5 5
1345.1 6439.4 71.6 320 0 13.3 30.3 15.0 0.0 0 1 6 2 2
2420.8 6388.6 54.1 131 0 20.3 21.1 10.0 0.0 0 1 4 0 0
1675.2 7139.6 89.8 72 0 7.6 12.1 7.5 0.0 0 1 3 3 3
1955.2 7179.1 76.8 236 0 8.4 25.1 2.5 0.0 0 1 1 5 5
1875.7 6544.5 51.9 202 0 6.9 5.7 7.5 2.5 2 0 3 0 0
1562.1 7397.2 65.8 272 0 35.1 13.8 10.0 2.5 2 0 4 3 3
1797.2 6613.5 58.9 44 0 38.5 20.6 15.0 0.0 0 0 6 0 0
1911.9 6723.0 60.1 46 0 6.0 6.5 7.5 2.5 2 1 3 3 3
1576.8 7369.9 66.5 0 0 13.9 35.3 10.0 2.5 2 1 4 0 0
1867.5 6513.4 52.4 256 0 9.1 4.6 5.0 2.5 2 0 2 2 2
1690.5 6610.9 64.6 152 0 7.5 15.0 5.0 2.5 2 1 2 4 4
1817.4 6584.8 54.0 252 0 21.1 26.3 10.0 2.5 2 1 4 3 3
1726.2 7311.6 74.8 36 0 6.4 9.5 5.0 2.5 2 1 2 4 4
1903.7 6716.5 60.3 49 0 7.0 5.8 7.5 2.5 2 0 3 3 3
1972.0 7168.4 76.7 41 0 6.1 12.2 5.0 2.5 2 1 2 5 5
2464.0 6589.9 36.1 338 0 6.3 7.9 5.0 2.5 2 1 2 5 5
1557.2 7344.1 67.2 90 0 34.9 14.0 7.5 2.5 2 0 3 3 3
1564.8 6457.9 62.7 5 0 6.7 6.8 5.0 2.5 4 1 2 2 2
1679.1 6622.1 66.6 53 0 6.1 16.7 7.5 2.5 2 1 3 0 0
1882.1 7323.2 71.3 222 0 24.6 18.6 17.5 0.0 0 0 7 3 3
1939.9 7159.2 77.5 221 0 10.9 5.3 7.5 2.5 2 0 3 0 0
1773.2 6539.9 54.6 74 0 42.6 33.4 10.0 0.0 0 0 4 2 2
2537.1 6436.5 50.2 235 0 20.3 11.1 5.0 2.5 2 0 2 1 1
2544.9 6477.2 47.9 229 0 7.6 12.4 7.5 2.5 2 1 3 4 4
2445.9 6431.6 51.9 218 0 8.9 13.2 5.0 2.5 2 1 2 3 3
2542.6 6570.8 37.7 218 0 22.9 17.6 10.0 2.5 2 0 4 5 5
1542.6 6426.2 61.4 96 0 9.1 31.2 7.5 2.5 2 1 3 2 2
1755.5 6604.0 60.4 351 0 20.5 13.5 10.0 2.5 2 0 4 0 0
1822.4 6702.2 63.5 183 0 10.7 23.0 10.0 2.5 2 1 4 3 3
2490.2 6490.9 45.7 217 0 22.5 16.6 10.0 2.5 2 0 4 0 0
1901.6 6681.5 59.0 33 0 21.6 9.4 2.5 2.5 4 0 1 1 1
1682.8 7680.0 51.3 146 0 8.6 29.7 7.5 0.0 0 1 3 3 3
1631.9 7509.4 61.9 322 0 10.9 18.3 7.5 2.5 2 1 3 4 4
1658.5 7462.6 63.8 192 0 5.3 8.8 7.5 0.0 0 1 3 3 3
1457.6 7353.4 68.5 181 0 4.7 8.6 5.0 2.5 2 1 2 4 4
1598.6 7487.1 62.8 229 0 4.4 6.8 7.5 2.5 2 1 3 0 0
1644.1 7474.4 63.2 327 0 12.5 18.1 7.5 2.5 2 1 3 3 3
1544.6 7797.0 62.1 318 0 9.4 15.3 5.0 2.5 2 1 2 2 2
1472.1 7419.4 65.1 92 0 10.5 35.3 12.5 0.0 0 1 5 5 5
1471.8 7408.9 66.7 272 0 10.5 35.1 12.5 2.5 2 1 5 2 2
1694.4 7541.8 60.6 162 0 8.6 20.3 7.5 2.5 4 1 3 1 1
1513.5 7418.1 63.8 92 0 10.5 35.2 10.0 2.5 4 1 4 2 2
3131.2 4479.5 47.8 46 0 6.6 6.6 5.0 2.5 2 1 2 1 1
1105.2 8445.0 32.9 272 0 10.3 11.0 7.5 0.0 0 1 3 0 0
-509.2 9522.0 48.6 136 0 12.9 29.0 10.0 0.0 0 1 4 4 4
-818.6 9326.3 57.4 188 0 11.2 30.1 10.0 0.0 0 1 4 5 5
-1527.9 9078.5 88.8 16 0 6.2 9.3 7.5 0.0 0 1 3 0 0
-608.2 9531.9 40.5 118 0 19.0 21.0 10.0 0.0 0 1 4 4 4
-735.0 9515.5 42.1 220 0 8.9 3.6 7.5 2.5 2 0 3 4 4
-1576.0 9144.7 85.2 109 0 14.7 10.4 7.5 2.5 2 0 3 1 1
-1469.0 8976.1 91.7 213 0 4.2 16.4 7.5 0.0 0 1 3 2 2
-487.2 9574.4 46.6 38 0 15.0 6.1 2.5 2.5 2 0 1 2 2
-536.0 9428.0 56.0 331 0 11.3 15.9 5.0 2.5 2 1 2 5 5
-744.2 9525.9 39.8 219 0 13.7 9.2 7.5 2.5 2 0 3 5 5
-804.9 9388.7 52.4 20 0 13.1 6.6 5.0 2.5 2 0 2 1 1
-1523.8 9096.1 87.3 17 0 6.2 9.2 2.5 2.5 2 1 1 1 1
-578.8 9444.4 50.9 259 0 6.4 7.5 7.5 2.5 2 1 3 0 0
-792.6 9302.4 60.0 97 0 9.4 4.4 7.5 2.5 2 0 3 1 1
-562.8 9614.4 39.4 229 0 14.9 8.7 7.5 2.5 2 0 3 2 2
-1478.3 9154.6 81.3 257 0 21.3 12.4 12.5 0.0 0 0 5 1 1
-771.5 9478.1 45.0 174 0 11.9 10.1 5.0 2.5 2 0 2 1 1
-3933.2 6781.6 -61.3 146 0 7.8 11.9 5.0 0.0 0 1 2 4 4
-981.2 9255.1 62.5 115 0 7.9 5.5 2.5 2.5 2 0 1 1 1
3053.7 1393.4 -101.8 187 0 16.4 11.4 5.0 2.5 2 0 2 5 5
