-6443.0 -5827.2 -14.9 276 0 33.3 16.5 5.0 2.5 2 0 2 0 0
2545.4 -11248.2 -21.8 292 0 9.5 3.7 5.0 2.5 2 0 2 0 0
-4869.8 -7904.0 -18.6 8 0 13.0 11.9 5.0 0.0 0 0 2 5 5
-5066.8 -7154.3 -4.1 279 0 9.3 18.2 7.5 2.5 2 1 3 3 3
-4986.7 -7280.4 -7.2 188 0 15.2 42.5 10.0 2.5 2 1 4 2 2
-4879.5 -6619.7 -3.2 266 0 6.1 23.9 7.5 2.5 2 1 3 3 3
-2618.6 -5280.4 -1.6 16 0 10.2 10.0 7.5 2.5 2 0 3 3 3
-3137.6 -5773.1 8.5 7 0 8.1 6.0 2.5 2.5 2 0 1 3 3
-6493.4 -5844.5 -15.3 5 0 8.7 9.1 7.5 2.5 4 1 3 5 5
-4643.7 -7057.0 -9.2 266 0 16.4 24.8 10.0 2.5 4 1 4 0 0
-4695.8 -7112.4 -9.1 265 0 13.9 33.0 10.0 2.5 2 1 4 5 5
-4865.0 -7169.9 -6.4 178 0 8.5 4.5 5.0 2.5 2 0 2 5 5
-4867.1 -7137.3 -6.8 180 0 16.7 11.4 5.0 2.5 2 0 2 5 5
-4583.8 -7071.6 -9.9 358 0 22.5 9.9 2.5 2.5 2 0 1 0 0
-4739.4 -7349.5 -10.2 89 0 8.5 13.0 7.5 2.5 2 1 3 0 0
-4046.8 -6820.2 2.7 269 0 8.3 33.6 7.5 0.0 0 1 3 3 3
2535.1 -11154.5 -21.7 291 0 32.3 14.2 10.0 0.0 0 0 4 5 5
2411.6 -11151.7 -21.1 202 0 9.0 19.0 3.5 2.5 2 1 1 2 2
-4582.4 -6158.8 6.9 286 0 31.8 11.9 10.0 2.5 2 0 4 0 0
-5005.6 -5833.6 -14.7 333 0 11.4 11.6 7.5 2.5 2 1 3 1 1
