-1742.8 -11150.1 -2.2 10 0 25.5 32.9 14.0 0.0 0 0 4 3 3
-1719.8 -11108.8 1.6 280 0 10.9 45.6 14.0 3.5 2 1 4 1 1
-2471.0 -9003.4 -64.8 258 0 8.5 34.9 10.5 3.5 2 1 3 3 3
-1952.2 -9974.1 -30.4 190 0 26.5 44.2 14.0 0.0 0 1 4 1 1
-2829.3 -9950.9 -62.1 101 0 11.1 17.2 14.0 3.5 2 0 4 0 0
-5130.9 -9808.6 -63.1 280 0 24.4 70.4 10.5 0.0 0 1 3 2 2
-5103.8 -9870.1 -63.2 189 0 51.3 32.2 14.0 0.0 0 0 4 2 2
-5119.5 -9944.2 -62.1 247 0 27.0 56.5 10.5 3.5 2 1 3 1 1
-2967.6 -10072.9 -56.7 101 0 30.4 45.2 14.0 0.0 0 1 4 4 4
-1723.7 -10236.1 -50.5 99 0 14.1 9.4 10.5 3.5 2 0 3 3 3
-1722.5 -10221.5 -50.8 188 0 7.6 10.5 10.5 3.5 2 1 3 1 1
-1727.2 -10210.6 -50.8 190 0 9.4 15.0 10.5 3.5 2 1 3 2 2
-1725.2 -10195.7 -51.3 190 0 13.6 18.2 14.0 3.5 2 1 4 4 4
-1694.8 -10175.7 -52.4 9 0 8.7 17.1 10.5 3.5 2 1 3 5 5
-1718.6 -10152.6 -52.3 189 0 9.0 27.2 10.5 3.5 2 1 3 5 5
-1709.4 -10141.5 -51.4 189 0 11.1 14.1 14.0 3.5 2 1 4 3 3
-1707.0 -10128.2 -50.9 189 0 9.3 13.4 10.5 0.0 0 1 3 0 0
-1705.4 -10079.5 -48.2 275 0 10.1 13.0 14.0 3.5 2 1 4 0 0
-1690.2 -10081.1 -48.5 281 0 10.1 15.3 14.0 3.5 2 1 4 3 3
-1657.1 -10125.0 -51.5 100 0 11.3 10.3 14.0 3.5 2 0 4 1 1
-1672.7 -10148.8 -53.2 105 0 10.2 16.1 14.0 3.5 2 1 4 2 2
-1656.3 -10184.3 -56.3 190 0 22.0 10.2 17.5 0.0 0 0 5 5 5
-1684.0 -10224.6 -54.6 190 0 29.3 11.2 17.5 3.5 4 0 5 3 3
-1662.9 -10225.6 -56.2 189 0 16.5 8.5 10.5 3.5 2 0 3 5 5
-1728.7 -10261.1 -49.6 281 0 15.5 12.4 14.0 3.5 4 0 4 1 1
-1743.6 -10283.8 -49.3 190 0 12.6 20.8 14.0 3.5 2 1 4 5 5
-1742.9 -10311.5 -48.4 190 0 10.1 12.4 14.0 3.5 2 1 4 3 3
-1746.8 -10325.3 -48.4 188 0 12.2 17.1 14.0 3.5 2 1 4 5 5
-1738.6 -10344.8 -48.0 99 0 19.2 9.8 10.5 3.5 4 0 3 3 3
-1701.1 -10270.8 -51.9 280 0 10.4 14.0 14.0 3.5 2 1 4 5 5
-1713.3 -10344.5 -50.0 99 0 9.7 16.2 10.5 0.0 0 1 3 4 4
-1689.2 -10271.1 -53.0 279 0 9.8 20.7 10.5 3.5 2 1 3 2 2
-1700.5 -10341.3 -51.2 100 0 8.2 17.7 10.5 3.5 2 1 3 0 0
-1699.9 -10352.7 -49.5 98 0 6.1 6.9 10.5 3.5 2 1 3 0 0
-1689.6 -10345.6 -51.2 100 0 11.2 11.4 14.0 3.5 2 1 4 4 4
-1660.1 -10277.8 -56.0 279 0 17.3 21.8 14.0 3.5 4 1 4 0 0
-1677.6 -10354.6 -52.3 100 0 9.5 23.4 10.5 3.5 2 1 3 0 0
-1652.6 -10359.3 -53.2 100 0 9.3 17.5 10.5 0.0 0 1 3 2 2
-1639.2 -10280.5 -57.7 278 0 9.8 17.9 10.5 0.0 0 1 3 1 1
-1627.5 -10282.3 -58.8 278 0 10.1 17.8 14.0 3.5 4 1 4 3 3
-1641.6 -10361.2 -54.0 99 0 10.6 19.8 14.0 3.5 2 1 4 2 2
-1628.8 -10363.4 -54.1 98 0 9.6 13.0 10.5 3.5 2 1 3 4 4
-1616.8 -10307.9 -57.9 280 0 15.3 10.0 14.0 3.5 2 0 4 5 5
-1607.3 -10285.2 -60.2 279 0 16.7 13.0 14.0 0.0 0 0 4 4 4
-1589.1 -10342.4 -57.8 99 0 12.4 15.7 14.0 3.5 2 1 4 5 5
-1611.8 -10365.8 -55.4 98 0 13.7 16.9 14.0 3.5 2 1 4 5 5
-1701.4 -10053.7 -49.5 99 0 18.8 12.7 14.0 3.5 2 0 4 0 0
-1686.8 -10035.8 -49.8 8 0 10.4 20.6 14.0 3.5 2 1 4 0 0
-1681.1 -10022.0 -50.3 9 0 10.9 19.6 14.0 0.0 0 1 4 2 2
-1713.8 -10018.7 -47.5 188 0 10.1 7.1 10.5 3.5 4 0 3 4 4
-1678.1 -10009.3 -50.5 10 0 12.2 15.3 14.0 3.5 2 1 4 4 4
-1675.8 -9980.5 -51.8 8 0 10.8 15.7 14.0 3.5 4 1 4 3 3
-1673.8 -9966.6 -53.0 9 0 12.0 16.6 14.0 3.5 2 1 4 2 2
-1680.0 -9946.3 -54.9 279 0 18.1 11.8 14.0 3.5 2 0 4 3 3
-1706.4 -9980.5 -49.4 190 0 5.4 6.7 10.5 3.5 4 1 3 5 5
-1709.4 -9999.6 -48.5 191 0 4.7 9.1 10.5 0.0 0 1 3 2 2
-1634.0 -10034.9 -55.5 9 0 11.2 19.7 14.0 3.5 4 1 4 1 1
-1664.6 -10028.7 -53.3 189 0 8.2 10.6 10.5 3.5 2 1 3 4 4
-1655.3 -10019.0 -55.3 188 0 12.0 20.6 14.0 3.5 2 1 4 0 0
-1660.6 -10003.8 -55.6 189 0 11.6 30.4 14.0 3.5 2 1 4 4 4
-1632.9 -9994.2 -55.4 9 0 11.2 10.9 14.0 0.0 0 0 4 1 1
-1651.8 -9962.1 -57.8 189 0 15.4 29.4 14.0 3.5 2 1 4 2 2
-1639.7 -10062.3 -54.3 99 0 11.7 15.1 14.0 3.5 2 1 4 1 1
-1625.9 -9925.9 -61.8 303 0 16.6 19.9 14.0 3.5 2 1 4 4 4
-1667.9 -9877.1 -59.2 291 0 19.2 22.4 14.0 0.0 0 1 4 3 3
-1655.5 -9801.6 -54.7 10 0 13.9 11.8 17.5 3.5 2 0 5 2 2
-1640.0 -9769.6 -53.2 52 0 18.9 27.3 17.5 0.0 0 1 5 3 3
-1669.6 -9736.9 -45.1 189 0 6.1 6.5 10.5 3.5 4 1 3 1 1
-1615.7 -9711.8 -49.5 12 0 11.0 14.9 17.5 3.5 2 1 5 0 0
-1586.4 -9682.0 -50.0 11 0 9.3 19.0 10.5 3.5 4 1 3 2 2
-1591.6 -9710.3 -53.4 58 0 21.1 15.9 17.5 0.0 0 0 5 5 5
-1638.8 -9686.3 -45.3 189 0 9.0 17.9 10.5 3.5 2 1 3 4 4
-1611.7 -9660.9 -47.3 190 0 7.6 20.3 10.5 3.5 2 1 3 3 3
-1555.1 -9671.8 -54.5 8 0 14.3 15.2 17.5 0.0 0 1 5 1 1
-1553.7 -9656.8 -52.9 10 0 10.5 16.0 17.5 3.5 2 1 5 2 2
-1594.5 -9605.5 -43.2 189 0 10.0 14.3 10.5 3.5 4 1 3 0 0
-1540.2 -9632.4 -52.5 10 0 5.8 16.3 10.5 3.5 2 1 3 2 2
-1545.4 -9642.8 -53.2 12 0 12.0 11.0 17.5 3.5 2 0 5 0 0
-1535.7 -9607.4 -50.8 10 0 18.9 14.9 17.5 3.5 2 0 5 1 1
-1594.0 -9577.4 -39.7 190 0 13.8 12.3 17.5 3.5 2 0 5 3 3
-1578.9 -9548.1 -41.6 191 0 9.6 28.5 10.5 3.5 2 1 3 2 2
-1729.7 -9240.4 -21.4 10 0 10.8 18.2 14.0 3.5 2 1 4 5 5
-1789.2 -9148.2 -17.1 280 0 12.3 19.4 14.0 3.5 4 1 4 2 2
-1747.8 -9166.4 -20.3 280 0 17.1 19.4 14.0 3.5 2 1 4 3 3
-1724.0 -9193.7 -23.0 11 0 13.2 11.8 14.0 3.5 2 0 4 2 2
-1777.6 -9230.9 -16.6 187 0 13.7 15.4 14.0 3.5 2 1 4 2 2
-1790.4 -9210.1 -16.5 190 0 11.0 9.8 10.5 3.5 2 0 3 4 4
-1798.8 -9193.9 -16.6 192 0 9.4 19.0 10.5 3.5 2 1 3 2 2
-1807.6 -9156.1 -16.9 180 0 15.6 13.0 14.0 3.5 2 0 4 4 4
-1655.8 -9170.1 -35.5 280 0 9.0 19.1 10.5 3.5 4 1 3 2 2
-1624.2 -9177.2 -39.9 280 0 8.5 21.5 10.5 3.5 2 1 3 3 3
-1695.5 -9171.1 -29.8 189 0 15.9 9.6 10.5 3.5 2 0 3 1 1
-1676.0 -9165.8 -31.7 279 0 5.7 17.4 10.5 3.5 4 1 3 2 2
-1366.0 -9889.5 -67.5 27 0 7.3 18.0 10.5 3.5 2 1 3 5 5
-1378.5 -9908.3 -67.5 30 0 10.6 18.6 17.5 0.0 0 1 5 3 3
399.8 -7903.9 -15.3 82 0 15.6 10.7 17.5 3.5 2 0 5 1 1
206.0 -8029.5 -37.4 83 0 42.4 15.0 17.5 3.5 2 0 5 4 4
153.1 -8020.1 -43.6 310 0 13.7 61.3 14.0 3.5 2 1 4 5 5
357.7 -8184.8 -70.6 350 0 20.8 11.9 17.5 3.5 2 0 5 5 5
325.6 -8037.2 -37.4 352 0 10.6 31.0 14.0 3.5 2 1 4 3 3
195.3 -8045.6 -41.8 264 0 23.7 15.2 14.0 3.5 2 0 4 0 0
123.8 -8093.0 -46.7 131 0 15.0 43.1 14.0 3.5 2 1 4 1 1
277.8 -7830.3 -8.4 319 0 16.6 10.2 17.5 3.5 2 0 5 1 1
340.5 -8019.5 -33.3 79 0 23.1 14.4 17.5 3.5 2 0 5 0 0
344.6 -8027.0 -36.3 261 0 15.8 10.1 14.0 3.5 2 0 4 1 1
352.7 -8167.4 -70.6 350 0 12.8 24.5 17.5 3.5 2 1 5 1 1
282.5 -8020.3 -33.8 83 0 24.4 14.8 17.5 3.5 2 0 5 0 0
153.8 -8005.1 -36.0 358 0 21.0 12.8 14.0 3.5 2 0 4 3 3
-1792.6 -9372.7 -8.7 341 0 20.1 18.8 17.5 3.5 2 0 5 2 2
-2125.1 -10303.6 -32.8 97 0 38.2 22.9 14.0 0.0 0 0 4 1 1
-2093.5 -10308.8 -30.5 104 0 25.8 21.8 14.0 3.5 2 0 4 5 5
-3611.5 -8894.3 -65.3 94 0 13.4 24.3 10.5 3.5 2 1 3 3 3
-3583.9 -8842.9 -65.4 26 0 38.7 12.1 10.5 3.5 2 0 3 3 3
162.2 -7110.3 -8.8 269 0 18.8 32.4 14.0 0.0 0 1 4 0 0
127.4 -7141.6 -8.7 89 0 11.2 24.1 14.0 3.5 2 1 4 3 3
206.0 -7163.1 -8.7 100 0 9.1 20.3 10.5 3.5 2 1 3 0 0
243.0 -7172.9 -8.8 102 0 7.9 22.7 10.5 3.5 2 1 3 3 3
108.3 -7132.9 -8.6 178 0 18.4 11.1 14.0 3.5 2 0 4 2 2
-3029.3 -9817.4 -56.2 278 0 52.2 40.6 17.5 0.0 0 0 5 5 5
3809.0 -8837.1 -63.6 320 0 11.6 15.1 14.0 3.5 2 1 4 4 4
3429.4 -8634.9 -69.4 260 0 10.5 28.2 17.5 3.5 2 1 5 3 3
248.1 -8024.6 -35.0 82 0 11.5 22.9 17.5 3.5 2 1 5 3 3
-342.4 -7137.6 -6.5 350 0 11.0 21.1 17.5 3.5 2 1 5 3 3
-286.9 -7123.9 1.3 350 0 20.3 40.0 14.0 0.0 0 1 4 0 0
-292.2 -7100.4 -3.2 352 0 7.4 38.4 10.5 3.5 2 1 3 5 5
-1886.0 -8645.4 -34.8 12 0 13.4 18.1 17.5 3.5 2 1 5 1 1
6804.8 -11300.9 -27.8 125 0 18.6 30.8 7.0 3.5 2 1 2 0 0
6923.0 -11268.3 -25.0 18 0 18.2 32.7 14.0 3.5 2 0 4 2 2
6751.4 -11300.5 -29.2 170 0 23.1 43.4 14.0 0.0 0 1 4 0 0
-1585.7 -8301.8 -65.2 150 0 9.2 31.3 10.5 3.5 2 0 3 1 1
-1589.5 -8295.8 -65.4 146 0 7.5 30.8 10.5 3.5 2 0 3 2 2
-1593.5 -8289.9 -65.6 146 0 7.0 30.8 10.5 3.5 2 0 3 1 1
-1597.4 -8284.3 -65.7 146 0 6.6 30.8 10.5 3.5 2 0 3 1 1
-1609.4 -8266.8 -66.3 146 0 12.3 30.8 17.5 3.5 2 0 5 5 5
-1614.5 -8259.3 -66.5 145 0 5.7 30.8 10.5 3.5 2 0 3 4 4
-1590.1 -8190.1 -70.8 144 0 35.7 18.0 14.0 0.0 0 0 4 2 2
-1623.6 -8246.1 -67.3 146 0 12.8 30.8 17.5 3.5 2 0 5 4 4
-1557.1 -8337.5 -62.8 10 0 30.7 40.1 14.0 0.0 0 1 4 5 5
-1630.5 -8236.0 -67.8 146 0 11.8 30.8 17.5 3.5 2 0 5 4 4
-1612.0 -8208.6 -68.4 326 0 12.4 30.8 17.5 3.5 2 0 5 1 1
-1650.2 -8207.3 -69.3 146 0 5.0 30.8 10.5 3.5 2 0 3 4 4
-1661.5 -8190.8 -69.9 146 0 6.8 30.8 10.5 3.5 2 0 3 0 0
-1668.8 -8180.2 -70.4 146 0 10.3 30.8 17.5 3.5 2 0 5 4 4
-2402.3 -8124.3 -62.5 91 0 51.2 11.9 14.0 3.5 2 0 4 4 4
-1821.4 -8519.2 -56.1 154 0 10.7 25.2 17.5 0.0 0 1 5 1 1
-1853.8 -8734.7 -32.6 189 0 24.1 20.8 42.0 0.0 0 0 12 3 3
-1841.1 -9011.7 -17.3 9 0 11.3 28.6 14.0 3.5 2 1 4 0 0
-1459.2 -8213.3 -70.7 326 0 18.4 16.8 17.5 3.5 2 0 5 1 1
-1650.0 -9142.4 -37.5 100 0 14.6 23.1 14.0 3.5 4 1 4 3 3
-5532.5 -9180.6 -57.2 191 0 11.3 19.3 14.0 3.5 2 1 4 5 5
-4345.6 -8678.4 -41.9 9 0 26.0 42.8 14.0 0.0 0 1 4 0 0
-631.2 -10665.0 5.8 279 0 9.5 14.9 10.5 3.5 2 1 3 2 2
-2849.8 -9985.9 -62.1 100 0 18.3 55.3 14.0 3.5 2 0 4 0 0
-6751.0 -7884.6 -58.1 295 0 18.3 19.2 3.5 3.5 2 1 1 2 2
-2851.0 -8060.6 -61.8 74 0 19.6 11.4 14.0 3.5 4 0 4 5 5
-2813.8 -8672.2 -66.7 9 0 83.1 21.0 12.5 2.5 2 0 5 5 5
-2095.0 -8335.0 -60.1 101 0 10.5 36.4 17.5 3.5 2 0 5 0 0
-581.0 -11412.7 -69.2 72 0 8.0 14.9 12.0 3.5 2 1 3 3 3
-2040.5 -10129.0 -31.0 9 0 14.7 12.2 17.5 3.5 2 0 5 2 2
-2227.6 -9494.3 -53.5 80 0 17.2 14.1 14.0 3.5 2 0 4 4 4
3527.7 -8609.2 -68.7 108 0 16.6 21.3 14.0 0.0 0 1 4 0 0
-5748.2 -9325.3 -45.3 11 0 7.5 23.9 10.5 3.5 2 1 3 2 2
-5923.4 -9462.9 -30.6 189 0 9.5 17.5 10.5 3.5 2 1 3 1 1
-3558.8 -8885.1 -66.6 46 0 13.3 35.4 10.5 3.5 2 1 3 0 0
-5727.5 -9428.6 -46.4 10 0 81.0 15.1 14.0 3.5 2 0 4 0 0
-6062.6 -8035.2 -5.1 190 0 47.8 31.3 14.0 0.0 0 0 4 3 3
-5927.4 -9289.0 -29.0 280 0 17.1 24.2 10.5 3.5 2 1 3 5 5
-5930.7 -9487.5 -30.7 191 0 4.4 13.0 10.5 0.0 0 1 3 5 5
-5679.8 -9597.8 -43.8 235 0 25.3 14.4 14.0 3.5 2 0 4 3 3
-5363.6 -10355.4 -58.5 169 0 36.8 19.5 7.0 0.0 0 0 2 3 3
-5383.6 -10209.0 -59.3 22 0 19.6 31.4 10.5 0.0 0 0 3 5 5
-5319.7 -10443.3 -58.0 120 0 11.6 32.5 14.0 3.5 2 1 4 2 2
-5238.6 -10328.6 -58.9 354 0 35.8 18.2 14.0 0.0 0 0 4 4 4
-5405.6 -10247.6 -59.0 21 0 24.3 18.2 10.5 3.5 2 0 3 5 5
-5363.4 -10134.9 -59.2 13 0 18.5 33.4 10.5 0.0 0 0 3 0 0
-5371.9 -10171.1 -59.6 13 0 19.0 33.5 10.5 0.0 0 0 3 2 2
-5293.8 -10121.7 -60.2 99 0 15.5 34.9 10.5 3.5 2 0 3 0 0
-5397.6 -10225.7 -59.1 22 0 21.4 18.7 10.5 3.5 2 0 3 5 5
-5367.6 -10152.8 -59.6 13 0 18.5 33.4 10.5 0.0 0 0 3 4 4
-5265.5 -10313.4 -58.8 264 0 12.8 33.7 14.0 3.5 2 1 4 3 3
-5377.0 -10190.2 -59.5 17 0 18.9 33.1 10.5 0.0 0 0 3 2 2
-5241.1 -10454.7 -58.6 93 0 38.5 95.0 14.0 0.0 0 1 4 5 5
-5359.5 -10113.7 -58.6 14 0 12.7 31.5 10.5 3.5 2 1 3 5 5
-5291.4 -10167.0 -59.9 280 0 14.5 49.9 14.0 3.5 2 0 4 4 4
-5407.5 -10274.5 -58.8 22 0 26.3 12.3 10.5 3.5 2 0 3 1 1
-5231.2 -10104.2 -60.7 9 0 15.1 36.0 10.5 3.5 2 0 3 1 1
-5273.8 -10140.6 -60.6 10 0 49.6 15.0 10.5 3.5 2 0 3 0 0
-5299.9 -10344.8 -58.7 168 0 20.6 8.8 12.0 3.5 2 0 3 5 5
-5347.2 -10179.7 -59.8 190 0 35.3 14.9 14.0 3.5 2 0 4 2 2
-5416.4 -10389.1 -57.9 321 0 46.9 89.7 14.0 0.0 0 1 4 2 2
-5303.9 -10131.0 -60.2 68 0 17.6 33.9 10.5 3.5 2 0 3 0 0
-5231.6 -10173.9 -60.3 9 0 33.4 18.8 14.0 3.5 4 0 4 5 5
-5387.7 -10426.4 -57.6 323 0 13.9 22.6 14.0 3.5 4 1 4 0 0
-4886.7 -10452.6 -46.5 270 0 12.1 17.9 14.0 3.5 2 1 4 4 4
-5012.3 -10347.6 -58.4 277 0 16.8 32.6 14.0 0.0 0 1 4 4 4
-5467.9 -10638.5 -45.3 53 0 68.8 8.9 10.5 3.5 4 0 3 3 3
-5007.7 -10384.6 -58.1 279 0 12.2 56.3 14.0 3.5 2 1 4 0 0
-5007.3 -10488.8 -52.2 249 0 54.4 31.3 14.0 0.0 0 0 4 3 3
-5030.7 -10441.8 -58.1 85 0 13.3 42.2 14.0 3.5 2 1 4 2 2
-5471.5 -10568.0 -52.4 51 0 28.8 9.4 10.5 3.5 2 0 3 1 1
-4907.9 -10551.2 -42.3 54 0 27.9 15.2 14.0 3.5 2 0 4 1 1
-5413.5 -10506.2 -57.0 15 0 32.0 50.8 14.0 0.0 0 1 4 3 3
-5354.7 -10616.1 -51.3 104 0 123.8 51.1 14.0 0.0 0 0 4 0 0
-4897.1 -10389.7 -54.2 296 0 45.7 16.8 14.0 3.5 2 0 4 0 0
-4973.2 -10452.6 -53.7 237 0 15.6 48.7 14.0 3.5 2 1 4 1 1
-5009.5 -10630.1 -47.7 71 0 30.8 73.4 14.0 0.0 0 1 4 1 1
-5127.9 -10414.6 -58.3 4 0 77.9 25.7 14.0 0.0 0 0 4 3 3
-4982.2 -10388.0 -57.9 280 0 14.4 39.5 14.0 0.0 0 1 4 3 3
-5432.8 -10607.3 -50.9 55 0 15.8 45.9 14.0 0.0 0 1 4 2 2
-5485.7 -10615.3 -49.2 52 0 56.2 19.6 14.0 3.5 2 0 4 5 5
-4833.4 -10463.4 -44.7 360 0 13.4 39.7 14.0 3.5 2 1 4 5 5
-4965.7 -10576.5 -48.4 70 0 67.1 47.1 14.0 0.0 0 0 4 1 1
-5143.8 -10512.4 -52.9 267 0 45.4 17.1 14.0 3.5 2 0 4 0 0
2931.4 -8814.7 -56.1 55 0 22.5 6.1 10.5 3.5 2 0 3 2 2
3157.9 -9042.3 -62.0 327 0 9.8 10.3 10.5 3.5 2 1 3 3 3
2659.3 -8913.1 -71.6 146 0 14.3 3.7 10.5 3.5 2 0 3 3 3
2967.3 -8817.4 -55.2 230 0 16.4 19.6 7.5 2.5 4 1 3 5 5
3184.6 -8728.8 -71.4 83 0 15.9 26.6 12.5 2.5 2 1 5 2 2
3190.3 -8945.2 -63.7 128 0 35.3 9.0 7.5 2.5 2 0 3 5 5
3176.2 -8736.3 -66.9 61 0 8.2 6.3 5.0 2.5 2 0 2 4 4
3199.8 -8835.0 -60.9 175 0 12.6 18.8 5.0 2.5 4 1 2 1 1
3203.2 -8861.3 -63.8 174 0 9.8 17.4 2.5 2.5 2 1 1 2 2
3198.8 -8770.6 -54.9 206 0 8.9 14.6 5.0 2.5 2 1 2 5 5
3091.1 -8735.6 -60.5 237 0 8.0 14.4 7.5 2.5 2 1 3 0 0
3060.1 -8860.4 -55.5 309 0 4.5 7.2 7.5 2.5 2 1 3 2 2
3047.3 -8815.3 -55.2 54 0 9.0 10.8 5.0 2.5 2 1 2 4 4
3100.5 -8730.3 -64.9 237 0 8.4 12.3 5.0 2.5 2 1 2 1 1
3082.8 -8743.8 -56.3 235 0 5.4 14.2 7.5 0.0 0 1 3 3 3
3063.0 -8803.4 -55.1 59 0 5.6 13.0 5.0 0.0 0 1 2 3 3
3013.0 -8786.6 -55.0 237 0 7.0 10.1 5.0 0.0 0 1 2 3 3
2990.1 -8808.4 -55.1 315 0 6.3 11.4 2.5 2.5 2 1 1 3 3
3018.8 -8837.1 -55.4 306 0 12.2 20.7 7.5 2.5 2 1 3 2 2
3058.4 -8758.8 -54.9 237 0 7.8 10.5 5.0 2.5 2 1 2 4 4
3033.7 -8773.6 -55.0 238 0 7.7 17.1 7.5 2.5 2 1 3 4 4
3203.9 -8740.7 -54.8 207 0 9.9 22.7 2.5 2.5 4 1 1 3 3
3132.2 -8995.1 -56.4 358 0 19.8 11.2 17.5 3.5 2 0 5 0 0
3185.7 -8785.5 -55.0 186 0 11.0 15.1 7.5 2.5 2 1 3 3 3
3197.5 -8820.2 -56.7 180 0 9.4 14.6 5.0 2.5 2 1 2 2 2
3036.8 -8820.3 -55.2 55 0 9.1 13.3 5.0 2.5 2 1 2 4 4
3097.6 -8781.6 -60.8 56 0 6.3 17.1 5.0 2.5 2 1 2 1 1
3072.6 -8799.7 -55.1 56 0 9.2 15.1 7.5 0.0 0 1 3 3 3
3056.0 -8807.9 -55.2 60 0 6.9 12.8 5.0 2.5 2 1 2 5 5
3170.7 -9004.2 -60.4 89 0 22.5 8.3 7.5 2.5 2 0 3 3 3
3081.6 -8792.5 -55.1 56 0 9.5 14.2 5.0 2.5 2 1 2 0 0
3106.4 -8720.4 -69.3 237 0 8.6 13.9 7.5 2.5 2 1 3 0 0
3177.3 -8831.7 -55.3 328 0 5.6 12.3 2.5 2.5 2 1 1 4 4
3042.0 -8768.8 -55.0 237 0 6.7 15.8 2.5 2.5 2 1 1 2 2
3181.8 -8957.2 -59.0 306 0 18.3 8.2 5.0 2.5 2 0 2 3 3
3067.6 -8846.9 -55.4 150 0 8.0 15.2 5.0 2.5 2 1 2 5 5
3173.3 -8823.8 -55.3 328 0 6.6 9.2 7.5 2.5 2 1 3 1 1
3069.6 -8830.7 -55.4 241 0 10.4 7.0 5.0 2.5 2 0 2 5 5
3210.8 -8936.1 -64.0 39 0 7.4 21.9 7.5 2.5 2 1 3 5 5
3199.5 -8755.2 -54.8 208 0 12.0 18.3 2.5 2.5 2 1 1 5 5
3077.2 -8853.3 -55.5 149 0 7.3 13.9 5.0 2.5 2 1 2 1 1
3216.8 -8725.7 -54.7 212 0 10.5 22.7 10.0 2.5 2 1 4 3 3
3072.9 -8874.3 -55.7 308 0 9.8 24.4 7.5 2.5 2 1 3 4 4
3119.2 -8886.3 -55.7 127 0 38.8 13.0 7.5 2.5 2 0 3 5 5
3175.2 -8870.5 -55.5 161 0 13.3 11.7 7.5 2.5 2 0 3 5 5
3158.3 -8960.1 -57.9 214 0 7.4 27.0 7.5 2.5 2 1 3 4 4
3149.0 -8977.6 -58.4 192 0 7.4 32.8 7.5 2.5 2 1 3 0 0
3087.9 -8885.9 -55.8 307 0 9.5 26.4 7.5 0.0 0 1 3 2 2
3051.0 -8857.9 -55.6 303 0 15.4 26.4 12.5 2.5 2 1 5 3 3
5193.5 -8487.1 -1.6 101 0 6.9 13.0 10.5 3.5 4 1 3 3 3
5189.9 -8378.4 -32.2 103 0 9.6 26.0 10.5 3.5 2 1 3 0 0
5210.3 -8419.3 -5.6 283 0 9.7 24.8 10.5 3.5 2 1 3 3 3
5175.0 -8424.0 -0.8 193 0 26.3 9.9 10.5 3.5 2 0 3 2 2
5224.7 -8422.4 -8.3 283 0 9.5 24.9 10.5 3.5 2 1 3 1 1
5238.5 -8425.7 -10.9 283 0 10.6 27.4 17.5 3.5 2 1 5 1 1
5253.8 -8376.6 -36.9 4 0 17.1 10.2 17.5 3.5 2 0 5 5 5
5233.5 -8386.0 -32.3 102 0 10.6 10.8 17.5 3.5 4 1 5 2 2
5206.6 -8637.1 -3.3 191 0 24.2 8.1 10.5 3.5 2 0 3 1 1
5226.8 -8493.8 -5.8 101 0 6.8 12.3 10.5 0.0 0 1 3 4 4
5332.6 -8425.4 -41.9 100 0 12.2 12.3 14.0 3.5 2 1 4 3 3
5307.2 -8493.2 -16.3 189 0 7.1 20.0 10.5 0.0 0 1 3 2 2
5297.7 -8575.1 -15.6 190 0 11.9 18.2 17.5 3.5 2 1 5 4 4
5290.4 -8582.5 -15.4 190 0 7.7 23.4 10.5 0.0 0 1 3 0 0
5302.1 -8521.1 -15.7 191 0 7.7 20.2 10.5 3.5 2 1 3 4 4
5299.3 -8537.1 -15.4 191 0 7.9 20.1 10.5 3.5 2 1 3 0 0
5329.4 -8441.4 -30.9 279 0 23.4 14.8 17.5 0.0 0 0 5 0 0
5313.0 -8481.9 -17.2 191 0 10.0 21.0 17.5 3.5 2 1 5 4 4
5266.3 -8644.2 -10.6 281 0 10.8 20.3 14.0 3.5 2 1 4 0 0
5224.9 -8629.4 -4.6 280 0 6.8 27.1 10.5 0.0 0 1 3 4 4
5288.9 -8599.5 -14.8 190 0 10.8 18.0 17.5 3.5 2 1 5 3 3
5248.1 -8634.5 -7.6 281 0 8.2 24.9 10.5 3.5 2 1 3 3 3
5133.5 -8476.8 3.1 12 0 7.5 29.5 10.5 3.5 2 1 3 0 0
5129.1 -8488.4 3.4 12 0 7.1 29.6 10.5 3.5 2 1 3 3 3
5136.7 -8464.9 2.9 12 0 7.9 31.3 10.5 3.5 2 1 3 5 5
5139.8 -8451.7 1.7 13 0 10.4 36.3 17.5 3.5 2 1 5 5 5
5329.7 -8545.4 -17.0 8 0 6.2 7.9 10.5 3.5 2 1 3 4 4
5242.9 -8700.0 -10.1 100 0 11.9 25.7 14.0 3.5 2 1 4 2 2
5296.0 -8559.8 -15.4 190 0 13.7 20.9 17.5 3.5 2 1 5 2 2
5298.5 -8545.1 -15.1 191 0 4.3 18.6 10.5 3.5 2 1 3 2 2
-3861.9 -8370.9 -50.5 9 0 34.8 11.7 14.0 3.5 2 0 4 4 4
-5440.5 -9371.3 -57.4 189 0 25.0 46.0 7.0 0.0 0 1 2 0 0
-3418.5 -7991.7 -58.4 314 0 12.2 23.9 14.0 0.0 0 1 4 4 4
-5386.7 -9504.9 -55.9 27 0 19.7 30.0 14.0 0.0 0 1 4 0 0
5023.7 -8448.3 -0.2 12 0 9.4 15.9 10.5 3.5 2 1 3 0 0
4957.7 -8474.0 -3.1 192 0 11.1 15.1 14.0 0.0 0 1 4 5 5
5012.9 -8503.3 0.4 12 0 13.4 42.9 14.0 0.0 0 1 4 5 5
5012.6 -8519.1 6.3 12 0 6.0 17.8 10.5 3.5 2 1 3 3 3
5008.7 -8542.3 6.9 12 0 22.8 11.3 14.0 3.5 2 0 4 1 1
4987.8 -8556.4 7.0 91 0 11.5 29.5 14.0 3.5 2 1 4 1 1
4994.8 -8480.5 2.2 12 0 3.8 6.0 10.5 3.5 2 1 3 3 3
5029.9 -8425.1 -10.5 12 0 6.5 41.8 10.5 3.5 2 1 3 0 0
5036.5 -8398.3 -9.3 12 0 8.2 21.5 10.5 3.5 2 1 3 0 0
4993.2 -8399.1 -12.5 193 0 5.9 5.7 10.5 3.5 4 0 3 3 3
4974.1 -8398.4 -14.4 192 0 11.0 16.0 14.0 3.5 2 1 4 5 5
5033.9 -8411.1 -8.9 13 0 7.8 29.4 10.5 0.0 0 1 3 2 2
5052.4 -8470.9 3.8 194 0 7.8 35.1 10.5 3.5 2 1 3 2 2
5157.1 -8364.5 -25.6 102 0 13.0 18.2 17.5 0.0 0 1 5 4 4
5097.3 -8351.6 -18.0 103 0 10.0 30.4 10.5 0.0 0 1 3 5 5
-1843.0 -8984.5 -17.6 9 1 11.1 21.4 14.0 3.5 2 1 4 3 3
-1810.4 -8989.4 -20.0 189 0 13.4 30.0 17.5 3.5 4 1 5 5 5
-2459.2 -9997.3 -57.9 9 0 11.4 40.9 17.5 3.5 2 1 5 3 3
-1650.2 -8735.4 -51.3 99 0 13.7 17.5 14.0 3.5 2 1 4 4 4
-1618.1 -8740.0 -52.8 101 0 24.3 29.3 14.0 0.0 0 1 4 2 2
3515.9 -8536.8 -70.8 171 1 11.7 18.4 14.0 3.5 2 1 4 2 2
3566.6 -8537.1 -69.5 350 1 11.1 17.7 14.0 3.5 2 1 4 1 1
-6600.5 -10454.3 46.6 246 0 14.2 23.5 14.0 3.5 2 1 4 1 1
-4215.8 -7614.2 -61.5 53 0 12.8 14.6 10.5 0.0 0 1 3 1 1
-5943.3 -9609.6 -38.2 191 0 48.1 31.1 14.0 0.0 0 0 4 0 0
-5887.2 -9676.4 -43.3 101 0 23.3 18.7 14.0 3.5 2 0 4 5 5
-5850.3 -9542.0 -41.7 193 0 24.9 17.6 14.0 3.5 2 0 4 4 4
-4310.3 -7740.6 -49.6 8 0 11.8 19.4 14.0 3.5 2 1 4 2 2
-3219.8 -9418.1 -67.3 10 0 14.6 195.3 17.5 0.0 0 1 5 5 5
-3383.0 -9296.4 -69.6 228 0 15.4 21.0 17.5 3.5 2 1 5 0 0
-3306.8 -9316.5 -69.7 302 0 131.0 16.2 17.5 0.0 0 0 5 3 3
-3243.7 -9356.0 -62.8 283 0 11.0 37.9 17.5 3.5 2 1 5 4 4
-3231.6 -9361.1 -62.2 283 0 8.2 36.0 10.5 3.5 2 1 3 0 0
-3212.4 -9373.2 -62.0 9 0 15.4 11.3 17.5 3.5 2 0 5 0 0
-3412.6 -9454.7 -64.4 8 0 9.2 10.0 10.5 3.5 2 1 3 3 3
-3402.2 -9456.6 -64.0 9 0 9.1 9.8 10.5 3.5 2 1 3 0 0
-3410.3 -9430.6 -65.4 9 0 9.9 9.2 10.5 3.5 4 0 3 0 0
-5478.5 -8745.2 -58.7 100 0 14.4 31.7 3.5 3.5 2 1 1 1 1
-5569.7 -8731.0 -55.6 100 0 22.3 57.4 3.5 3.5 2 1 1 5 5
-5465.2 -8607.7 -57.8 279 0 13.7 9.5 10.5 3.5 4 0 3 3 3
-5346.7 -8466.2 -61.0 281 0 8.1 26.0 10.5 3.5 2 1 3 3 3
-5290.8 -8288.8 -62.9 209 0 15.7 22.0 14.0 3.5 2 1 4 5 5
-5180.4 -8043.9 -64.5 190 0 21.2 16.1 14.0 3.5 2 0 4 3 3
-5248.7 -7455.4 -65.0 100 0 19.2 27.5 14.0 3.5 2 1 4 5 5
-5400.0 -8709.8 -60.2 190 0 13.2 8.4 10.5 3.5 2 0 3 5 5
-5402.8 -8721.9 -60.3 234 0 6.2 6.3 10.5 3.5 2 1 3 4 4
-1825.4 -11097.9 -6.6 279 0 21.1 32.0 14.0 0.0 0 1 4 5 5
-1721.0 -11184.4 -0.4 11 0 38.1 10.9 14.0 3.5 2 0 4 3 3
-1745.8 -11198.7 -1.5 101 0 11.1 37.8 14.0 0.0 0 1 4 2 2
-1886.5 -8183.4 -66.6 279 0 39.3 12.8 17.5 3.5 2 0 5 4 4
-1669.4 -8207.6 -68.1 11 0 12.5 30.1 17.5 3.5 2 0 5 4 4
-1673.1 -8228.3 -66.9 10 0 5.3 30.5 10.5 3.5 2 0 3 2 2
-1674.1 -8233.8 -66.6 12 0 6.3 30.8 10.5 3.5 2 0 3 5 5
-1677.3 -8250.3 -65.9 11 0 7.7 31.0 10.5 3.5 2 0 3 5 5
-1680.9 -8269.8 -65.6 11 0 31.9 12.9 17.5 3.5 2 0 5 5 5
-1704.7 -8147.9 -70.5 11 0 14.2 22.8 17.5 3.5 2 0 5 5 5
-1470.1 -8364.8 -64.6 94 0 18.2 27.0 17.5 3.5 2 0 5 3 3
-1491.0 -8336.9 -65.5 148 0 26.0 23.8 17.5 0.0 0 0 5 2 2
-1513.7 -8303.2 -66.9 145 0 56.7 16.5 17.5 3.5 2 0 5 0 0
-1444.5 -8328.8 -66.4 46 0 18.6 32.5 17.5 3.5 2 0 5 1 1
-1438.5 -8243.7 -69.5 325 0 14.0 33.7 17.5 0.0 0 1 5 1 1
-1450.3 -8232.3 -69.8 325 0 12.5 29.1 17.5 3.5 2 1 5 0 0
-1498.3 -8277.5 -67.9 145 0 30.2 15.3 17.5 3.5 4 0 5 1 1
-1392.6 -8231.5 -70.8 325 0 46.1 24.6 12.5 0.0 0 0 5 0 0
-1879.4 -8265.7 -63.6 11 0 13.3 31.2 10.0 2.5 2 1 4 0 0
-1647.6 -8320.6 -63.7 11 0 31.0 12.1 14.0 3.5 2 0 4 5 5
-1668.1 -8332.6 -63.8 98 0 11.9 31.1 14.0 3.5 2 0 4 1 1
-1680.1 -8330.7 -63.8 100 0 11.6 31.4 14.0 3.5 2 0 4 0 0
-1692.0 -8328.4 -63.8 102 0 13.2 31.7 14.0 3.5 2 0 4 1 1
-1712.7 -8323.9 -62.6 100 0 17.2 9.5 10.5 3.5 2 0 3 3 3
-1719.0 -8307.8 -63.1 191 0 10.4 17.0 14.0 3.5 2 0 4 5 5
-1703.2 -8293.8 -63.7 280 0 21.8 11.7 14.0 3.5 2 0 4 1 1
-1575.2 -8475.3 -62.4 99 0 21.6 12.5 14.0 3.5 2 0 4 5 5
-1766.7 -8314.0 -63.3 100 0 11.6 32.0 17.5 3.5 2 0 5 1 1
-1775.4 -8312.4 -63.3 100 0 6.1 32.0 10.5 3.5 2 0 3 3 3
-1781.6 -8311.3 -63.3 100 0 6.5 32.0 10.5 3.5 2 0 3 5 5
-1810.4 -8306.1 -63.3 100 0 18.5 32.0 17.5 3.5 2 0 5 4 4
-1822.1 -8304.0 -63.2 100 0 5.2 32.0 10.5 3.5 2 0 3 1 1
-1851.9 -8298.6 -63.2 100 0 6.2 33.0 10.5 3.5 2 0 3 0 0
-1857.8 -8297.6 -63.2 100 0 5.7 33.0 10.5 3.5 2 0 3 2 2
-1863.8 -8296.5 -63.2 100 0 6.7 33.0 10.5 3.5 2 0 3 3 3
-1804.9 -8259.2 -65.1 102 0 16.3 23.7 14.0 3.5 2 1 4 1 1
-1830.9 -8224.5 -65.3 280 0 24.6 30.0 14.0 0.0 0 0 4 3 3
-1848.4 -8221.2 -65.2 281 0 11.4 30.0 14.0 3.5 2 0 4 3 3
-1735.4 -8231.9 -66.6 101 0 19.2 13.1 17.5 3.5 2 0 5 0 0
-1729.7 -8201.9 -67.4 280 0 19.4 17.5 17.5 3.5 2 0 5 0 0
-1789.2 -8220.0 -67.4 101 0 65.0 28.2 17.5 0.0 0 0 5 1 1
-1934.0 -8306.8 -60.2 98 0 8.9 20.6 5.0 2.5 2 1 2 1 1
-1968.7 -8303.0 -60.0 99 0 10.1 22.3 5.0 2.5 2 0 2 5 5
-1976.4 -8301.9 -60.0 98 0 5.3 17.6 5.0 2.5 2 0 2 5 5
-1981.5 -8301.1 -60.0 99 0 4.7 17.9 7.5 2.5 2 0 3 3 3
-1991.3 -8299.5 -60.0 99 0 4.9 17.8 7.5 2.5 2 0 3 3 3
-1998.1 -8288.8 -60.0 188 0 16.9 5.9 5.0 2.5 2 0 2 3 3
-3759.0 -8229.8 -54.2 314 0 9.6 8.8 10.5 3.5 2 0 3 0 0
-3748.2 -8455.3 -42.4 8 0 14.4 28.3 14.0 0.0 0 1 4 3 3
-3729.0 -8455.8 -40.1 188 0 11.7 22.9 14.0 3.5 2 1 4 4 4
-3692.3 -8384.1 -44.6 10 0 17.3 24.7 14.0 3.5 2 0 4 1 1
-3682.2 -8366.9 -45.9 9 0 20.0 32.0 14.0 0.0 0 0 4 1 1
-3679.2 -8345.0 -47.3 9 0 23.9 31.4 14.0 0.0 0 0 4 2 2
-3755.9 -8419.2 -44.8 98 0 28.7 15.5 14.0 3.5 2 0 4 4 4
-3753.1 -8395.1 -45.9 98 0 27.6 9.4 10.5 3.5 2 0 3 3 3
-3737.4 -8384.5 -45.8 9 0 5.0 18.6 10.5 3.5 2 1 3 0 0
-3763.7 -8361.7 -47.2 187 0 6.8 29.4 10.5 3.5 2 0 3 2 2
-3733.6 -8358.8 -47.4 8 0 5.0 25.6 10.5 3.5 2 0 3 0 0
-3833.7 -8433.1 -47.1 10 0 29.1 26.1 10.5 0.0 0 0 3 0 0
-6749.1 -7224.8 -70.5 196 0 10.5 15.6 14.0 3.5 2 1 4 5 5
-6374.1 -7097.3 -67.1 124 0 8.8 30.9 10.5 3.5 4 1 3 5 5
-4814.6 -10411.2 -43.8 125 0 13.2 18.8 10.5 3.5 2 1 3 3 3
-4734.3 -10340.6 -42.1 265 0 23.6 25.3 10.5 3.5 2 1 3 3 3
-4700.1 -10398.7 -41.8 85 0 23.7 83.8 10.5 0.0 0 1 3 3 3
-5221.6 -10082.8 -60.9 9 0 30.4 59.9 10.5 0.0 0 0 3 5 5
-5245.5 -10003.7 -60.9 280 0 74.6 45.8 10.5 0.0 0 0 3 4 4
-5294.8 -9997.9 -58.6 279 0 18.1 55.4 10.5 3.5 2 0 3 4 4
-5314.6 -9994.7 -58.2 279 0 22.0 56.7 10.5 3.5 2 0 3 5 5
-5358.1 -10005.9 -57.1 279 0 20.3 38.2 10.5 0.0 0 0 3 4 4
-5204.4 -9966.1 -60.9 9 0 27.9 14.0 14.0 3.5 2 0 4 2 2
-5234.9 -9965.6 -60.7 99 0 11.9 32.3 14.0 3.5 2 0 4 0 0
-5217.6 -9926.9 -60.6 10 0 17.5 15.1 14.0 3.5 2 0 4 3 3
-5306.8 -9967.0 -58.6 100 0 10.2 41.6 14.0 3.5 2 1 4 3 3
-5327.8 -9966.0 -58.2 100 0 13.5 47.3 14.0 3.5 2 1 4 3 3
-5356.9 -9937.4 -57.5 99 0 26.8 24.7 14.0 0.0 0 0 4 4 4
-5375.4 -9928.7 -56.8 99 0 42.6 19.1 14.0 3.5 2 0 4 4 4
-5429.9 -9945.2 -55.5 99 0 7.7 44.3 10.5 3.5 2 0 3 5 5
-5479.5 -9872.2 -52.1 188 0 17.0 15.7 14.0 3.5 2 0 4 4 4
-5456.7 -9848.4 -53.4 279 0 15.4 35.5 14.0 3.5 2 0 4 5 5
-5428.0 -9855.9 -55.3 280 0 12.0 43.5 14.0 3.5 2 0 4 3 3
-5410.5 -9873.2 -55.5 279 0 12.3 30.0 14.0 3.5 2 0 4 1 1
-5335.6 -9869.4 -57.9 279 0 20.4 46.0 14.0 3.5 2 0 4 5 5
-679.2 -8119.1 -56.5 151 0 4.6 7.4 10.5 3.5 2 1 3 0 0
-3961.7 -8045.9 -54.6 134 0 12.6 27.3 14.0 3.5 2 1 4 4 4
-1762.3 -8538.2 -50.2 192 0 27.9 13.2 17.5 3.5 2 0 5 0 0
-1737.7 -8531.4 -49.5 280 0 11.2 26.5 17.5 3.5 2 1 5 3 3
-1722.8 -8535.1 -49.4 276 0 8.3 29.2 10.5 3.5 2 1 3 4 4
-3621.8 -10211.4 -62.7 293 0 12.5 37.6 17.5 3.5 2 1 5 2 2
-3640.1 -10265.1 -61.6 189 0 24.6 23.1 17.5 3.5 2 0 5 4 4
-3623.3 -10304.7 -59.8 9 0 12.3 23.3 17.5 0.0 0 1 5 0 0
-3657.7 -10287.5 -61.1 242 0 12.4 18.2 17.5 3.5 2 1 5 2 2
-3534.8 -10973.3 -47.5 56 0 17.8 60.8 17.5 3.5 2 1 5 5 5
-3553.6 -10888.7 -50.2 326 0 54.8 10.7 17.5 3.5 4 0 5 3 3
-3522.1 -10932.2 -48.7 326 0 48.0 19.5 17.5 0.0 0 0 5 3 3
-3602.4 -10829.8 -51.8 359 0 31.8 19.1 17.5 0.0 0 0 5 0 0
-3597.4 -10853.9 -50.7 3 0 9.5 21.6 10.5 3.5 2 1 3 3 3
-3626.8 -10814.2 -51.7 267 0 6.9 24.5 10.5 0.0 0 1 3 4 4
-3643.1 -10808.6 -51.0 279 0 8.1 30.6 10.5 3.5 2 1 3 5 5
-3487.2 -10838.6 -46.6 326 0 56.8 19.7 17.5 3.5 2 0 5 2 2
-3532.4 -10848.6 -47.9 147 0 25.9 20.0 17.5 3.5 2 0 5 3 3
-3463.1 -10923.3 -45.9 57 0 13.1 50.3 17.5 0.0 0 1 5 5 5
-3435.7 -10932.0 -45.0 326 0 22.9 19.0 17.5 3.5 2 0 5 3 3
-3427.6 -10919.6 -43.8 161 0 17.0 9.3 10.5 3.5 2 0 3 0 0
-3465.4 -10851.7 -44.3 327 0 12.6 8.9 10.5 3.5 2 0 3 1 1
-4504.8 -10465.0 -15.5 100 0 10.5 10.7 14.0 3.5 2 1 4 2 2
-4531.8 -10408.4 -20.8 190 0 11.4 21.4 14.0 3.5 2 1 4 5 5
-4848.5 -8424.1 -62.7 11 0 5.0 6.6 10.5 3.5 2 1 3 1 1
-2883.3 -8775.6 -67.9 100 0 15.0 11.5 17.5 3.5 2 0 5 3 3
-2945.6 -8796.3 -69.0 10 0 10.3 22.4 17.5 3.5 2 1 5 2 2
-2245.2 -8304.7 -61.9 169 0 20.0 28.7 12.5 2.5 2 1 5 3 3
-2163.3 -8250.0 -60.0 100 0 23.6 10.1 14.0 3.5 2 0 4 1 1
-2652.6 -8346.9 -61.5 350 0 19.6 6.7 10.5 3.5 2 0 3 4 4
-2661.6 -8334.4 -61.3 350 0 14.7 7.6 10.5 3.5 2 0 3 1 1
-2681.6 -8311.6 -61.7 259 0 12.9 43.7 14.0 3.5 2 0 4 4 4
-2670.9 -8389.4 -62.4 8 0 32.1 16.3 17.5 3.5 2 0 5 5 5
-2159.4 -8266.0 -60.6 101 0 12.9 16.6 14.0 0.0 0 1 4 2 2
-2458.9 -8364.6 -62.3 80 0 20.2 10.3 17.5 3.5 2 0 5 4 4
-2458.3 -8336.0 -62.6 260 0 13.3 17.7 17.5 3.5 2 0 5 5 5
-2780.4 -8424.9 -62.8 189 0 9.7 15.6 10.5 3.5 2 0 3 5 5
-2886.0 -8293.7 -64.6 215 0 21.6 19.2 14.0 3.5 2 0 4 3 3
-2895.7 -8357.1 -65.5 36 0 8.5 16.0 10.5 3.5 2 0 3 1 1
-2808.7 -8539.3 -65.7 99 0 10.4 27.9 12.5 2.5 2 1 5 2 2
-3499.2 -8024.9 -52.7 314 0 22.3 9.6 10.5 3.5 4 0 3 5 5
-3492.8 -8039.7 -52.3 316 0 5.2 6.1 10.5 3.5 2 1 3 5 5
-3526.4 -8044.3 -50.7 224 0 8.6 20.1 10.5 3.5 4 1 3 3 3
-3491.2 -8078.4 -50.9 44 0 9.6 12.5 10.5 3.5 2 1 3 3 3
-3483.8 -8068.3 -51.8 43 1 12.0 16.4 14.0 3.5 2 1 4 5 5
-3474.1 -8051.2 -52.8 313 1 13.5 11.4 14.0 3.5 2 0 4 5 5
-3634.6 -8018.5 -49.7 134 0 9.4 24.8 10.5 3.5 2 1 3 5 5
-3658.1 -8002.5 -50.0 134 1 14.3 10.2 14.0 3.5 2 0 4 2 2
-3552.5 -8030.3 -49.4 43 0 7.9 15.4 10.5 0.0 0 1 3 3 3
-3564.2 -8040.1 -48.8 44 0 4.7 15.6 10.5 3.5 2 1 3 1 1
-3577.9 -8058.9 -49.6 43 0 8.2 20.8 10.5 3.5 2 1 3 4 4
-3599.8 -8058.8 -50.4 134 0 16.0 9.8 10.5 3.5 2 0 3 1 1
-3630.6 -8024.2 -49.9 134 0 5.4 20.4 10.5 0.0 0 1 3 2 2
-3650.7 -7985.4 -48.9 224 0 8.5 12.1 10.5 3.5 2 1 3 5 5
-3636.3 -7969.5 -49.0 224 0 8.7 20.4 10.5 3.5 4 1 3 5 5
-3585.8 -7968.6 -50.1 315 0 5.2 17.3 10.5 3.5 2 1 3 0 0
-3657.6 -7907.2 -49.3 315 0 20.5 8.5 10.5 3.5 2 0 3 5 5
-3657.8 -7930.0 -49.3 45 0 5.6 30.6 10.5 3.5 2 1 3 3 3
-3676.8 -7923.2 -49.2 45 0 9.5 15.9 10.5 3.5 2 1 3 1 1
-3668.7 -7949.8 -49.1 44 0 7.5 19.4 10.5 3.5 4 1 3 1 1
-3689.3 -7953.1 -49.0 134 1 15.6 11.6 14.0 3.5 2 0 4 1 1
-3699.1 -7963.3 -49.7 135 1 20.0 11.9 14.0 3.5 2 0 4 1 1
-3709.6 -7942.8 -49.1 135 0 5.8 15.2 10.5 3.5 4 1 3 4 4
-3723.0 -7933.3 -49.1 134 0 7.9 19.8 10.5 0.0 0 1 3 3 3
-3729.6 -7926.4 -49.2 135 1 13.6 17.9 14.0 3.5 4 1 4 0 0
-3742.9 -7918.0 -49.2 134 1 11.0 15.8 14.0 3.5 2 1 4 3 3
-3738.1 -7881.1 -49.3 224 1 10.5 20.7 14.0 3.5 2 1 4 3 3
-3728.0 -7873.6 -49.3 223 0 8.8 25.1 10.5 3.5 2 1 3 2 2
-3722.3 -7865.8 -49.4 224 0 7.8 36.4 10.5 3.5 4 1 3 1 1
-3676.0 -7863.4 -49.9 44 0 12.2 31.8 14.0 0.0 0 1 4 1 1
-3658.5 -7852.7 -51.3 44 0 11.3 37.4 14.0 3.5 4 1 4 4 4
-3787.9 -7875.6 -49.3 134 1 14.7 11.7 14.0 3.5 2 0 4 0 0
-3739.7 -7837.9 -49.6 45 0 5.0 13.6 10.5 3.5 2 1 3 0 0
-3729.6 -7827.2 -49.6 44 1 12.3 15.0 14.0 3.5 2 1 4 2 2
-3738.4 -7812.4 -49.7 45 0 6.4 6.4 10.5 3.5 2 0 3 2 2
-3707.7 -7803.1 -50.8 44 0 15.9 34.0 14.0 0.0 0 1 4 2 2
-3691.9 -7767.4 -52.8 315 0 27.9 5.4 10.5 3.5 2 0 3 5 5
-3697.6 -7741.0 -53.2 133 1 15.1 10.8 14.0 3.5 2 0 4 1 1
-3655.8 -7750.1 -54.7 44 1 11.2 19.6 14.0 3.5 2 1 4 1 1
-3649.1 -7742.0 -55.0 43 0 9.8 18.1 10.5 3.5 2 1 3 4 4
-3693.8 -7723.3 -53.2 225 1 12.9 15.7 14.0 3.5 2 1 4 0 0
-3627.5 -7720.4 -54.7 44 0 10.6 45.5 14.0 3.5 2 1 4 0 0
-3614.3 -7705.0 -54.2 38 0 11.1 50.1 14.0 3.5 2 1 4 2 2
-3607.8 -7694.2 -53.7 44 0 10.7 34.7 14.0 3.5 2 1 4 3 3
-3314.1 -7980.1 -46.3 137 0 10.2 22.7 14.0 3.5 2 1 4 0 0
-3288.1 -7991.8 -39.6 109 0 5.6 5.8 10.5 3.5 2 1 3 4 4
-3271.3 -7990.2 -38.5 47 0 7.6 6.1 10.5 3.5 2 0 3 1 1
-3270.7 -7980.2 -43.7 46 0 7.0 19.6 10.5 3.5 2 1 3 0 0
-3261.4 -7978.8 -42.4 45 0 7.4 16.7 10.5 0.0 0 1 3 4 4
-3250.4 -7968.9 -43.2 46 0 6.2 15.6 10.5 3.5 2 1 3 1 1
-3246.3 -7962.8 -43.6 46 0 6.5 13.3 10.5 3.5 4 1 3 3 3
-3270.1 -7937.4 -48.6 226 0 6.8 20.9 10.5 3.5 2 1 3 2 2
-3270.5 -7918.6 -52.7 236 0 13.7 6.4 10.5 3.5 2 0 3 2 2
-3259.3 -7925.2 -50.1 227 0 6.8 14.2 10.5 3.5 2 1 3 2 2
-3247.4 -7921.8 -50.0 227 0 14.5 20.3 14.0 3.5 2 1 4 0 0
-3182.7 -7938.5 -44.0 46 0 7.5 18.1 10.5 3.5 2 1 3 4 4
-3145.5 -7862.8 -54.6 227 1 13.5 12.3 14.0 3.5 2 0 4 2 2
-3107.8 -7845.4 -53.2 249 1 18.1 11.4 14.0 3.5 2 0 4 1 1
-3003.8 -7824.3 -57.5 29 0 25.4 27.8 14.0 0.0 0 1 4 5 5
-3649.9 -8080.0 -54.8 315 0 6.6 7.5 10.5 3.5 2 1 3 4 4
-3625.3 -8101.4 -54.5 45 0 7.0 6.5 10.5 3.5 2 0 3 4 4
-3640.4 -8056.7 -54.8 314 0 7.7 31.7 10.5 3.5 2 1 3 5 5
-3653.9 -8047.8 -53.7 315 0 6.0 15.2 10.5 3.5 2 1 3 0 0
-3693.6 -8027.1 -54.1 223 0 24.9 15.1 14.0 3.5 2 0 4 5 5
-3639.1 -8120.2 -55.9 44 0 13.2 27.1 14.0 3.5 2 1 4 0 0
-3653.9 -8134.1 -54.6 44 0 15.0 9.5 10.5 3.5 2 0 3 3 3
-3661.8 -8123.3 -55.7 43 1 10.2 10.2 14.0 3.5 2 0 4 3 3
-3735.8 -8111.8 -59.6 135 0 8.8 23.2 10.5 0.0 0 1 3 0 0
-3737.0 -8073.9 -58.9 225 0 5.9 15.3 10.5 3.5 2 1 3 0 0
-3726.5 -8064.6 -57.9 223 0 16.0 33.7 14.0 0.0 0 1 4 4 4
-3712.7 -8047.4 -56.0 224 1 13.2 13.4 14.0 3.5 2 1 4 4 4
-3693.9 -8066.4 -56.1 223 0 11.9 6.3 10.5 3.5 2 0 3 0 0
-3688.2 -8071.9 -56.3 224 1 14.0 11.2 14.0 3.5 2 0 4 4 4
-3561.3 -8133.6 -49.8 313 1 10.2 12.1 14.0 3.5 2 1 4 0 0
-3601.4 -8226.7 -44.0 44 0 11.7 10.1 10.5 3.5 2 0 3 4 4
-3639.6 -8248.8 -43.9 227 0 14.1 27.0 10.5 3.5 4 1 3 0 0
-3651.4 -8266.4 -43.1 224 0 10.0 31.4 10.5 3.5 2 1 3 1 1
-3609.2 -8149.5 -51.4 314 1 20.7 11.3 14.0 3.5 2 0 4 5 5
-3613.6 -8173.3 -51.2 44 0 12.9 21.7 14.0 3.5 2 1 4 0 0
-3628.4 -8181.0 -51.3 44 0 8.3 18.0 10.5 3.5 2 1 3 1 1
-3630.9 -8198.5 -51.3 43 0 8.6 28.1 10.5 3.5 2 1 3 2 2
-3636.9 -8215.7 -49.7 44 0 13.4 8.0 10.5 0.0 0 0 3 1 1
-3656.2 -8217.6 -51.3 44 1 10.5 22.3 14.0 3.5 2 1 4 5 5
-3688.2 -8212.2 -51.6 222 0 8.4 12.6 10.5 0.0 0 1 3 2 2
-3702.4 -8246.4 -51.4 134 1 17.4 11.7 14.0 3.5 2 0 4 5 5
-3807.4 -8188.6 -58.7 134 0 6.9 24.5 10.5 0.0 0 1 3 3 3
-3711.6 -8178.8 -55.0 314 0 22.2 11.3 14.0 3.5 2 0 4 4 4
-3723.1 -8206.6 -54.0 44 1 19.2 10.1 14.0 3.5 2 0 4 3 3
-3745.7 -8207.6 -55.2 44 0 8.6 11.3 10.5 3.5 2 1 3 5 5
-3778.9 -8214.9 -55.9 135 0 6.6 22.3 10.5 3.5 2 1 3 0 0
-3729.9 -8169.8 -56.2 314 0 6.3 18.4 10.5 3.5 2 1 3 1 1
-3738.9 -8158.6 -57.1 314 0 8.8 18.2 10.5 3.5 2 1 3 5 5
-3754.0 -8145.2 -58.6 314 0 8.3 23.1 10.5 3.5 2 1 3 2 2
-3759.9 -8137.2 -59.4 314 0 8.6 19.3 10.5 3.5 2 1 3 2 2
-3821.1 -8153.5 -60.1 224 0 24.8 8.5 10.5 3.5 2 0 3 1 1
-3793.4 -8201.1 -57.5 134 0 7.5 18.3 10.5 3.5 2 1 3 0 0
-3722.2 -8011.4 -54.3 45 0 15.1 14.3 10.5 3.5 2 0 3 1 1
-3713.1 -7987.3 -53.2 315 0 14.8 17.7 10.5 3.5 2 1 3 3 3
-3744.3 -7956.9 -52.7 314 0 5.4 13.3 10.5 0.0 0 1 3 3 3
-3752.4 -7945.6 -52.5 313 0 6.5 15.4 10.5 3.5 2 1 3 0 0
-3786.2 -7926.6 -52.6 224 0 14.4 20.3 10.5 3.5 2 1 3 1 1
-3795.7 -7943.3 -54.0 223 0 13.9 11.8 10.5 3.5 2 0 3 3 3
-3798.8 -8005.6 -57.9 223 0 13.4 8.2 10.5 3.5 2 0 3 2 2
-3838.0 -7988.1 -57.4 225 0 9.7 35.6 10.5 3.5 4 1 3 2 2
-3847.9 -7996.6 -56.6 225 0 9.5 26.4 10.5 3.5 2 1 3 4 4
-3837.6 -8020.6 -57.5 223 0 9.2 15.0 10.5 3.5 2 1 3 1 1
-3859.9 -8011.8 -57.5 225 0 8.0 27.8 10.5 3.5 4 1 3 0 0
-3882.6 -8031.4 -58.3 224 0 8.9 35.5 10.5 3.5 2 1 3 2 2
-3918.8 -8063.6 -57.1 225 0 23.3 11.8 10.5 3.5 2 0 3 2 2
-3892.4 -8113.4 -59.3 133 0 8.9 17.7 10.5 0.0 0 1 3 5 5
-3858.9 -8143.4 -59.9 134 0 13.9 11.2 10.5 3.5 2 0 3 3 3
-3839.1 -8134.6 -60.5 43 0 12.5 19.4 10.5 3.5 2 1 3 2 2
-3831.3 -8124.7 -61.0 45 0 9.2 22.6 10.5 3.5 4 1 3 5 5
-3835.6 -8097.7 -60.8 45 0 9.3 14.8 10.5 3.5 2 1 3 5 5
-3811.9 -8104.7 -61.9 45 0 11.9 35.5 10.5 3.5 2 1 3 1 1
-3804.3 -8096.3 -61.9 44 0 6.6 16.1 10.5 3.5 2 1 3 1 1
-3801.0 -8078.8 -61.2 44 0 12.5 19.3 10.5 0.0 0 1 3 4 4
-3775.8 -8052.6 -59.3 44 0 7.1 11.8 10.5 3.5 2 1 3 3 3
-3753.8 -8029.0 -56.8 44 0 9.5 28.3 10.5 0.0 0 1 3 1 1
-3735.3 -8023.4 -55.5 44 0 9.2 35.5 10.5 3.5 2 1 3 1 1
-3859.7 -7896.7 -50.6 225 1 14.4 14.3 14.0 3.5 2 0 4 3 3
-3888.1 -7920.9 -50.2 224 0 7.4 17.8 10.5 3.5 2 1 3 3 3
-3941.6 -7980.2 -53.0 224 0 9.5 16.0 10.5 3.5 2 1 3 3 3
-3918.5 -8025.1 -54.9 44 1 11.5 18.5 14.0 3.5 2 1 4 3 3
-3907.9 -8012.6 -54.7 44 1 13.9 13.5 14.0 3.5 2 0 4 4 4
-3899.7 -8004.9 -54.7 43 0 6.8 9.5 10.5 3.5 2 1 3 5 5
-3888.1 -7990.4 -54.2 44 1 11.8 11.2 14.0 3.5 4 0 4 2 2
-3854.5 -7957.9 -52.6 44 0 13.9 8.7 10.5 3.5 2 0 3 0 0
-3823.6 -7924.6 -53.0 44 1 12.5 13.0 14.0 3.5 2 1 4 3 3
-3660.1 -8339.2 -44.7 279 0 11.0 11.5 10.5 3.5 4 1 3 1 1
-3676.7 -8367.2 -43.4 189 0 6.7 20.6 10.5 3.5 2 1 3 0 0
-3679.6 -8388.7 -42.2 190 0 9.0 21.5 10.5 3.5 2 1 3 5 5
-3679.7 -8400.4 -41.5 190 0 11.2 21.5 10.5 3.5 2 1 3 4 4
-3664.5 -8431.9 -39.1 10 0 5.8 12.8 10.5 3.5 2 1 3 0 0
-3674.3 -8441.8 -39.0 99 0 20.0 7.1 10.5 3.5 2 0 3 0 0
-3369.4 -8009.3 -43.4 304 0 7.9 17.6 10.5 3.5 2 1 3 2 2
-3333.1 -8004.6 -40.7 305 0 7.1 29.5 10.5 3.5 2 1 3 2 2
-3396.6 -8024.7 -43.3 218 0 10.1 20.3 10.5 3.5 2 1 3 3 3
-3406.5 -8034.1 -42.9 218 0 8.5 29.7 10.5 3.5 2 1 3 1 1
-3420.7 -8046.5 -42.8 223 0 14.8 23.0 10.5 3.5 2 1 3 3 3
-3443.7 -8064.0 -43.3 219 0 10.9 26.2 10.5 3.5 2 1 3 0 0
-3448.6 -8075.1 -41.4 217 0 8.8 22.6 10.5 3.5 2 1 3 3 3
-3455.4 -8102.2 -35.8 219 0 8.3 24.2 10.5 3.5 2 1 3 0 0
-3450.2 -8149.4 -31.4 131 0 7.7 14.0 10.5 3.5 2 1 3 5 5
-3487.2 -8130.2 -39.9 221 0 10.0 26.2 10.5 0.0 0 1 3 5 5
-3507.1 -8143.2 -40.9 216 0 7.2 18.2 10.5 3.5 2 1 3 1 1
-3523.3 -8185.5 -36.6 215 0 11.3 16.0 10.5 3.5 2 1 3 4 4
-3549.4 -8202.9 -38.0 208 0 12.0 12.7 10.5 3.5 2 1 3 0 0
-3562.4 -8228.6 -35.8 209 0 13.3 21.2 10.5 0.0 0 1 3 5 5
-3567.0 -8250.2 -35.3 119 0 10.4 12.4 10.5 3.5 2 1 3 5 5
-3617.3 -8332.9 -41.3 203 1 12.2 14.6 14.0 3.5 2 1 4 5 5
-3630.1 -8413.8 -38.2 200 1 12.6 12.1 14.0 3.5 2 0 4 4 4
-3634.1 -8453.0 -36.8 109 1 16.3 13.2 14.0 3.5 4 0 4 2 2
-3576.0 -8367.2 -39.3 21 0 9.8 15.3 10.5 3.5 2 1 3 3 3
-3573.4 -8357.2 -39.3 21 0 8.4 22.4 10.5 3.5 2 1 3 3 3
-3574.2 -8338.7 -38.5 22 0 6.3 10.1 10.5 3.5 2 1 3 5 5
-3560.0 -8318.0 -37.2 20 1 11.9 13.0 14.0 3.5 2 1 4 5 5
-3474.2 -8256.1 -29.5 20 0 10.0 22.8 10.5 3.5 2 1 3 4 4
-3468.5 -8245.7 -28.6 18 0 9.5 23.0 10.5 0.0 0 1 3 2 2
-3464.1 -8235.4 -27.6 20 0 6.2 17.7 10.5 3.5 2 1 3 5 5
-3487.6 -8226.5 -29.9 28 0 8.0 25.9 10.5 0.0 0 1 3 5 5
-3452.9 -8210.1 -27.1 24 0 8.7 24.5 10.5 3.5 2 1 3 2 2
-3451.1 -8194.2 -27.1 26 0 13.3 13.3 10.5 0.0 0 1 3 2 2
-3427.4 -8173.5 -26.8 29 0 10.5 14.5 10.5 3.5 2 1 3 0 0
-3369.6 -8152.3 -24.5 28 0 8.2 17.3 10.5 3.5 2 1 3 2 2
-3363.5 -8140.6 -25.7 29 0 9.5 29.8 10.5 3.5 2 1 3 4 4
-3417.0 -8097.0 -28.6 227 0 12.5 17.8 10.5 3.5 2 1 3 4 4
-3406.6 -8087.3 -29.4 205 0 16.4 25.1 10.5 3.5 2 1 3 1 1
-3356.3 -8126.9 -25.8 28 0 9.7 14.5 10.5 3.5 4 1 3 5 5
-3349.2 -8115.2 -26.6 29 0 9.7 16.8 10.5 3.5 4 1 3 3 3
-3342.0 -8101.7 -28.0 29 0 10.8 33.4 10.5 3.5 2 1 3 3 3
-3339.4 -8084.2 -28.7 30 0 11.9 25.8 10.5 3.5 2 1 3 5 5
-3327.4 -8073.2 -32.7 28 0 10.7 40.0 10.5 3.5 4 1 3 1 1
-3329.7 -8054.5 -33.2 29 0 12.7 20.0 10.5 3.5 2 1 3 4 4
-3313.9 -8048.4 -33.1 28 0 7.5 18.8 10.5 3.5 4 1 3 4 4
-3306.7 -8031.4 -35.7 28 0 13.9 17.6 10.5 3.5 2 1 3 4 4
-3296.6 -8022.2 -36.1 26 0 9.5 16.0 10.5 3.5 2 0 3 5 5
-1386.7 -8233.8 -70.8 147 0 28.6 13.0 14.0 0.0 0 0 4 3 3
-1566.0 -8534.9 -61.2 23 0 20.0 19.8 17.5 3.5 2 0 5 5 5
-1597.2 -8700.1 -53.2 12 0 11.9 19.3 14.0 3.5 2 1 4 2 2
-1599.5 -8671.3 -54.7 9 0 13.1 28.8 14.0 0.0 0 1 4 5 5
-1595.7 -8655.7 -55.4 11 0 5.3 24.4 10.5 3.5 2 1 3 3 3
-1594.1 -8643.3 -56.6 11 0 12.6 28.5 14.0 0.0 0 1 4 1 1
-1589.1 -8606.8 -56.9 10 0 16.1 29.9 14.0 0.0 0 1 4 2 2
-1620.0 -8583.0 -57.1 191 0 8.1 33.6 10.5 3.5 2 1 3 0 0
-1595.5 -8566.0 -57.9 282 0 30.1 10.9 14.0 3.5 4 0 4 0 0
-1634.5 -8640.7 -52.7 192 0 15.2 7.9 10.5 3.5 2 0 3 4 4
-1647.6 -8687.8 -53.1 192 0 18.2 18.4 14.0 0.0 0 1 4 2 2
-1607.0 -8521.5 -59.9 202 0 14.0 16.0 17.5 3.5 2 1 5 3 3
-1557.1 -8510.8 -62.5 19 0 24.9 20.5 17.5 3.5 2 0 5 5 5
-1556.6 -8486.6 -62.5 280 1 19.7 11.4 17.5 0.0 0 0 5 5 5
-1581.4 -8482.5 -62.4 281 1 20.0 10.9 17.5 3.5 2 0 5 5 5
-1596.2 -8499.4 -62.2 208 0 10.6 13.4 17.5 3.5 2 1 5 1 1
-1569.0 -8675.7 -59.4 174 0 16.7 31.0 17.5 3.5 2 1 5 4 4
-1939.4 -8143.5 -67.0 347 0 23.3 22.0 17.5 3.5 2 0 5 4 4
-1947.7 -8233.8 -62.9 98 0 12.8 39.8 17.5 3.5 2 1 5 2 2
-1953.3 -8184.3 -62.3 280 0 13.1 22.5 17.5 3.5 2 1 5 1 1
-1974.6 -8225.0 -58.9 100 0 17.4 18.1 17.5 3.5 2 1 5 0 0
-1954.1 -8274.3 -58.8 100 0 14.7 19.9 12.5 2.5 2 1 5 4 4
-1983.9 -8268.0 -58.0 100 0 20.9 12.3 10.0 2.5 2 0 4 4 4
-2013.6 -8219.3 -55.4 101 0 19.2 24.4 14.0 3.5 4 1 4 2 2
-2039.8 -8213.3 -55.3 101 0 21.3 20.1 14.0 3.5 2 0 4 4 4
-2054.8 -8160.0 -54.9 254 0 15.5 22.1 14.0 0.0 0 1 4 2 2
-2012.9 -8278.9 -60.1 279 0 14.3 14.0 17.5 0.0 0 0 7 5 5
-2018.6 -8276.9 -59.0 101 0 15.8 9.3 10.5 3.5 2 0 3 1 1
-2005.2 -8246.8 -57.8 11 0 25.6 20.8 17.5 0.0 0 0 5 0 0
-2035.7 -8228.8 -57.8 281 0 4.8 23.8 10.5 0.0 0 1 3 0 0
-2095.0 -8277.1 -60.3 100 0 10.1 21.3 17.5 3.5 2 1 5 4 4
-2123.6 -8257.5 -60.2 190 0 10.2 12.3 17.5 3.5 2 1 5 4 4
-2061.8 -8224.5 -57.9 280 0 10.7 23.6 17.5 3.5 2 1 5 2 2
-2079.2 -8221.9 -57.9 280 0 8.4 21.9 10.5 3.5 2 1 3 1 1
-2121.5 -8178.6 -58.4 10 0 25.3 10.2 17.5 0.0 0 0 5 2 2
-2146.5 -8162.3 -59.8 271 0 18.2 22.5 17.5 0.0 0 1 5 5 5
-2175.4 -8173.3 -60.9 192 0 19.8 15.6 17.5 3.5 2 0 5 3 3
-2188.6 -8238.1 -60.9 191 0 16.2 9.1 10.5 3.5 2 0 3 4 4
-2183.8 -8225.6 -60.8 191 0 9.6 16.1 10.5 3.5 2 1 3 0 0
-2181.6 -8215.9 -60.7 190 0 9.8 14.8 10.5 3.5 2 1 3 5 5
-2169.0 -8202.6 -60.7 281 0 19.6 9.7 10.5 3.5 2 0 3 0 0
-2134.6 -8224.5 -58.9 10 0 8.4 14.9 10.5 3.5 2 1 3 2 2
-2137.1 -8207.7 -58.8 280 0 17.0 10.0 10.5 3.5 2 0 3 2 2
-2204.6 -8183.2 -62.9 91 0 11.0 20.0 17.5 3.5 2 1 5 5 5
-2217.0 -8182.6 -63.6 61 0 8.6 18.5 10.5 0.0 0 1 3 4 4
-2263.2 -8155.4 -65.2 270 0 12.1 17.0 17.5 3.5 2 1 5 2 2
-2263.4 -8194.0 -64.6 89 0 12.3 13.3 17.5 3.5 2 1 5 0 0
-2284.8 -8164.9 -64.6 270 0 14.6 25.7 17.5 3.5 2 1 5 0 0
-2341.2 -8159.2 -62.6 270 0 8.1 17.5 10.5 3.5 2 1 3 5 5
-2336.4 -8207.6 -61.6 79 0 4.9 17.5 10.5 3.5 2 0 3 0 0
-2397.6 -8189.2 -60.3 181 1 11.7 20.3 17.5 3.5 2 1 5 3 3
-2452.9 -8163.3 -58.4 278 0 12.4 30.0 17.5 3.5 2 1 5 2 2
-2469.0 -8160.1 -57.9 275 0 10.7 25.3 17.5 3.5 2 1 5 4 4
-2488.1 -8194.6 -57.0 84 0 19.1 28.9 17.5 0.0 0 1 5 5 5
-2508.0 -8164.9 -57.0 275 0 4.0 18.8 10.5 3.5 2 1 3 0 0
-2533.5 -8188.4 -56.9 95 0 10.7 24.7 17.5 3.5 2 1 5 3 3
-2548.2 -8189.4 -57.2 96 0 9.9 28.0 10.5 3.5 2 1 3 2 2
-2564.4 -8188.6 -57.4 95 0 10.0 29.7 10.5 3.5 2 1 3 1 1
-2578.6 -8186.7 -57.6 95 0 10.1 28.9 17.5 3.5 2 1 5 5 5
-2599.1 -8152.1 -57.9 275 0 14.2 24.8 17.5 3.5 2 1 5 4 4
-2629.0 -8185.1 -58.5 95 0 14.9 15.2 17.5 3.5 2 1 5 4 4
-2621.7 -8148.3 -58.1 277 0 11.2 20.4 17.5 3.5 2 1 5 5 5
-2675.1 -8130.7 -58.9 302 0 6.4 25.3 10.5 3.5 2 1 3 5 5
-2697.1 -8127.9 -59.3 301 0 7.6 27.0 10.5 0.0 0 1 3 5 5
-2804.8 -8090.1 -60.6 282 0 31.9 26.2 17.5 0.0 0 0 5 4 4
-2816.9 -8151.7 -61.1 102 0 11.5 28.0 17.5 3.5 2 1 5 4 4
-2842.1 -8148.5 -61.5 87 0 8.3 25.8 10.5 3.5 2 1 3 1 1
-2829.1 -8082.4 -60.7 281 0 10.8 23.9 17.5 3.5 2 1 5 2 2
-2852.7 -8152.1 -61.8 58 0 11.4 22.5 17.5 0.0 0 1 5 2 2
-2868.5 -8096.8 -61.6 248 0 34.2 21.4 17.5 0.0 0 0 5 2 2
-2887.1 -8154.7 -62.1 143 0 16.7 18.7 17.5 3.5 2 1 5 5 5
-2897.6 -8107.0 -61.9 248 0 15.3 23.7 17.5 3.5 2 1 5 5 5
-2917.0 -8107.0 -62.1 238 0 9.4 26.2 10.5 3.5 2 1 3 4 4
-3575.3 -8440.6 -33.8 202 0 14.9 9.7 10.5 3.5 2 0 3 5 5
-3549.8 -8480.0 -31.9 111 0 11.1 27.7 14.0 3.5 2 1 4 1 1
-3514.7 -8484.3 -32.4 20 1 11.4 20.4 14.0 3.5 2 1 4 5 5
-3508.4 -8475.4 -31.8 20 0 7.4 24.0 10.5 3.5 2 1 3 3 3
-3505.2 -8466.7 -31.3 20 0 7.6 17.7 10.5 3.5 2 1 3 4 4
-3502.6 -8458.1 -30.8 19 0 7.8 17.3 10.5 3.5 2 1 3 5 5
-3499.5 -8444.0 -31.9 20 0 13.2 30.4 14.0 0.0 0 1 4 1 1
-3489.1 -8430.2 -31.8 20 0 7.9 24.0 10.5 3.5 2 1 3 0 0
-3564.8 -8423.7 -34.2 201 0 5.9 23.1 10.5 3.5 2 1 3 2 2
-3543.6 -8400.0 -34.7 200 0 8.8 18.2 10.5 0.0 0 1 3 4 4
-3484.0 -8407.4 -33.1 21 0 13.7 24.6 14.0 3.5 2 1 4 4 4
-3473.6 -8383.6 -32.1 21 0 8.8 10.2 10.5 3.5 2 1 3 1 1
-3537.1 -8345.3 -35.3 200 0 9.8 17.2 10.5 3.5 2 1 3 2 2
-3469.6 -8371.0 -32.4 21 0 9.3 25.5 10.5 3.5 4 1 3 3 3
-3459.3 -8347.7 -30.7 20 0 13.0 19.7 14.0 3.5 2 1 4 0 0
-3528.7 -8323.4 -34.1 200 1 12.5 16.5 14.0 3.5 2 1 4 1 1
-3522.5 -8312.0 -33.2 201 0 11.1 27.1 14.0 3.5 2 1 4 5 5
-3502.8 -8277.7 -31.5 289 0 25.8 11.1 14.0 3.5 2 0 4 3 3
-3449.6 -8327.3 -29.5 20 0 8.8 23.1 10.5 3.5 4 1 3 3 3
-3449.2 -8312.8 -29.1 20 0 14.7 20.3 14.0 3.5 2 1 4 0 0
-3416.6 -8244.0 -24.5 21 1 10.1 19.0 14.0 3.5 2 1 4 0 0
-3413.0 -8232.7 -23.5 22 0 6.2 14.1 10.5 3.5 2 1 3 0 0
-2986.9 -7851.4 -50.8 208 0 9.3 26.5 10.5 3.5 2 1 3 3 3
-2994.2 -7864.0 -48.7 209 0 9.5 23.1 10.5 3.5 2 1 3 1 1
-2996.6 -7881.5 -47.9 208 1 14.2 14.5 14.0 3.5 2 1 4 3 3
-3009.7 -7899.9 -48.8 209 0 9.7 35.3 10.5 3.5 4 1 3 1 1
-3005.9 -7920.2 -49.0 208 0 13.7 21.1 14.0 3.5 2 1 4 3 3
-2923.9 -7870.1 -57.8 21 0 9.8 29.5 10.5 3.5 2 1 3 0 0
-2976.9 -7891.8 -50.7 209 1 14.2 14.1 14.0 0.0 0 0 4 2 2
-2945.6 -7908.7 -53.5 29 1 14.1 14.3 14.0 3.5 2 1 4 5 5
-2945.0 -7937.2 -53.9 48 0 8.8 26.8 10.5 3.5 2 1 3 4 4
-2953.6 -7950.2 -53.7 28 0 17.3 19.2 14.0 3.5 2 1 4 3 3
-2958.1 -7970.5 -55.1 28 0 12.9 26.8 14.0 3.5 2 1 4 4 4
-2953.6 -7995.8 -57.4 28 0 12.4 23.7 14.0 3.5 2 1 4 4 4
-3033.8 -7946.7 -47.1 209 0 5.0 15.0 10.5 3.5 2 1 3 4 4
-3041.2 -7956.2 -47.2 209 0 8.9 17.3 10.5 3.5 2 1 3 3 3
-3079.8 -8024.6 -49.4 19 0 9.5 13.1 10.5 3.5 2 1 3 2 2
-3116.9 -7996.8 -44.9 201 1 12.1 17.0 14.0 3.5 2 1 4 4 4
-3137.3 -8023.0 -44.3 197 0 7.3 19.4 10.5 0.0 0 1 3 3 3
-3141.8 -8042.0 -43.6 109 1 10.4 11.0 14.0 3.5 2 1 4 5 5
-3023.3 -7913.4 -45.0 209 0 8.7 7.7 10.5 3.5 2 0 3 3 3
-3049.9 -8029.7 -54.9 200 0 5.6 16.0 10.5 3.5 2 1 3 3 3
-3070.5 -8047.6 -56.4 198 0 10.1 23.9 10.5 3.5 2 1 3 5 5
-3051.7 -7879.8 -40.4 290 0 27.5 10.5 14.0 3.5 2 0 4 3 3
-3045.2 -7903.9 -41.0 21 1 11.9 13.5 14.0 3.5 2 1 4 5 5
-3061.9 -7926.9 -40.8 21 1 12.9 14.0 14.0 3.5 2 1 4 3 3
-3071.8 -7938.0 -40.4 21 0 12.1 21.1 14.0 0.0 0 1 4 1 1
-3105.1 -7906.4 -37.8 200 0 5.0 17.8 10.5 3.5 2 1 3 1 1
-3087.1 -7947.0 -39.3 19 0 7.1 16.9 10.5 3.5 2 1 3 4 4
-3127.9 -7927.0 -36.2 199 0 5.2 12.2 10.5 3.5 2 1 3 1 1
-3146.8 -7940.6 -36.0 200 0 9.6 10.5 10.5 3.5 2 1 3 3 3
-3168.4 -7970.9 -32.8 201 0 6.4 10.5 10.5 3.5 2 1 3 5 5
-3185.0 -7983.8 -31.8 200 0 12.8 6.0 10.5 3.5 2 0 3 3 3
-3160.3 -8006.4 -35.2 23 1 11.1 17.1 14.0 3.5 2 1 4 1 1
-3181.7 -8029.7 -34.5 111 1 10.0 19.5 14.0 0.0 0 1 4 5 5
-3205.2 -8017.0 -30.3 128 1 11.2 12.6 14.0 3.5 2 1 4 4 4
-3200.6 -7996.7 -31.0 201 0 6.3 14.0 10.5 3.5 2 1 3 4 4
-3194.7 -7991.6 -31.2 201 0 6.2 10.9 10.5 3.5 2 1 3 0 0
-2957.6 -8122.8 -63.3 216 0 24.8 7.4 10.5 3.5 2 0 3 5 5
-2950.5 -8125.4 -63.1 215 0 14.1 5.5 10.5 3.5 2 0 3 1 1
-2946.4 -8156.7 -63.4 124 0 12.7 24.7 17.5 3.5 2 1 5 3 3
-2936.1 -8161.2 -63.2 125 0 8.5 17.2 10.5 3.5 2 1 3 3 3
-2919.6 -8156.5 -63.2 306 0 4.8 15.7 10.5 3.5 2 1 3 0 0
-2927.3 -8180.3 -63.4 126 0 7.9 22.3 10.5 3.5 2 1 3 5 5
-2921.0 -8187.4 -63.3 125 0 7.6 20.1 10.5 3.5 2 1 3 1 1
-2892.7 -8200.4 -63.4 305 1 13.2 18.6 17.5 3.5 2 1 5 4 4
-2883.1 -8221.2 -63.4 36 0 23.2 8.3 10.5 3.5 2 0 3 2 2
6629.5 -8710.0 2.5 100 0 12.0 17.2 14.0 3.5 2 1 4 0 0
-3800.0 -8234.8 -55.1 281 0 7.5 11.5 10.5 0.0 0 1 3 4 4
-3813.9 -8237.9 -55.7 190 0 24.4 6.4 10.5 0.0 0 0 3 3 3
-3772.1 -8362.9 -47.9 99 0 12.6 7.2 10.5 3.5 2 0 3 0 0
-3759.2 -8337.6 -48.8 97 0 7.1 6.7 10.5 3.5 2 0 3 0 0
-3841.1 -8250.0 -55.6 10 0 18.5 9.1 10.5 0.0 0 0 3 2 2
-3857.6 -8257.7 -55.7 99 0 9.7 17.3 10.5 3.5 2 1 3 4 4
-3853.5 -8184.4 -58.1 280 0 5.4 21.8 10.5 3.5 2 1 3 2 2
-3882.0 -8251.8 -56.0 99 0 11.6 12.1 10.5 3.5 2 1 3 0 0
-3915.7 -8243.0 -55.9 189 0 11.5 18.4 10.5 3.5 2 1 3 4 4
-3908.6 -8214.3 -56.9 189 0 8.6 23.3 10.5 3.5 2 1 3 1 1
-3905.4 -8204.4 -57.3 191 0 8.8 22.1 10.5 3.5 2 1 3 0 0
-3936.8 -8112.3 -56.9 280 0 9.9 12.8 10.5 3.5 2 1 3 2 2
-3953.6 -8116.5 -56.3 188 0 21.3 9.1 10.5 3.5 2 0 3 2 2
-3973.6 -8075.2 -54.6 9 0 18.7 6.4 10.5 3.5 2 0 3 2 2
-3992.8 -7994.4 -50.9 44 1 15.7 10.8 14.0 3.5 2 0 4 2 2
-3975.5 -7974.5 -50.7 40 0 6.9 14.4 10.5 3.5 4 1 3 2 2
-3967.0 -7971.7 -50.9 45 0 6.2 23.4 10.5 3.5 4 1 3 3 3
-3966.8 -7955.5 -50.2 45 0 9.2 23.7 10.5 3.5 4 1 3 0 0
-3955.7 -7953.2 -50.5 45 0 8.7 24.8 10.5 3.5 2 1 3 1 1
-3852.1 -7840.7 -46.4 58 0 12.7 15.5 14.0 0.0 0 1 4 1 1
-3840.6 -7812.1 -45.4 10 0 26.0 11.0 14.0 0.0 0 0 4 4 4
-3794.5 -7783.3 -47.1 29 0 8.4 18.6 10.5 0.0 0 1 3 3 3
-3751.3 -7743.1 -48.8 42 0 13.9 16.9 14.0 3.5 2 1 4 0 0
-4408.6 -8327.6 -43.9 9 0 20.5 16.9 10.5 0.0 0 0 3 2 2
-4407.2 -8275.9 -42.5 9 0 75.2 14.9 10.5 3.5 2 0 3 2 2
-4389.4 -8200.3 -37.2 341 0 23.1 21.9 10.5 3.5 2 0 3 1 1
-4412.7 -8211.1 -37.0 9 0 19.3 13.3 10.5 3.5 2 0 3 1 1
-4428.0 -8154.7 -36.4 279 0 11.5 52.9 10.5 3.5 2 1 3 5 5
-4462.7 -8187.9 -37.5 279 0 29.2 15.7 10.5 3.5 2 0 3 3 3
-4446.1 -8216.4 -38.0 9 0 15.7 11.1 10.5 3.5 2 0 3 0 0
-4449.1 -8235.8 -39.3 10 0 16.3 11.9 10.5 3.5 2 0 3 0 0
-4496.5 -8198.8 -41.2 280 0 9.0 41.2 10.5 3.5 2 1 3 4 4
-4529.7 -8307.2 -46.8 108 0 9.0 10.0 10.5 0.0 0 1 3 2 2
-4540.8 -8303.7 -47.6 107 0 8.9 10.0 10.5 3.5 2 1 3 0 0
-4496.6 -8258.6 -41.8 100 0 9.1 9.9 10.5 3.5 2 1 3 0 0
-4474.8 -8244.2 -40.5 9 0 9.3 9.7 10.5 3.5 2 1 3 3 3
-4482.0 -8272.2 -42.0 102 0 9.8 9.0 10.5 3.5 4 0 3 3 3
-4460.8 -8269.2 -41.4 12 0 9.9 9.4 10.5 3.5 2 0 3 4 4
-4462.8 -8279.9 -42.1 9 0 10.0 9.4 10.5 3.5 2 0 3 2 2
-4471.8 -8294.3 -42.9 100 0 9.2 9.8 10.5 3.5 2 1 3 4 4
-5302.4 -8015.5 -61.2 101 0 24.7 17.1 14.0 0.0 0 0 4 3 3
-5298.3 -7994.7 -61.2 102 0 9.6 12.2 10.5 3.5 2 1 3 2 2
-5320.0 -7990.3 -60.9 101 0 10.9 28.3 14.0 0.0 0 1 4 3 3
-5306.7 -7922.8 -61.7 281 0 10.9 39.0 14.0 3.5 2 1 4 3 3
-5357.7 -7990.8 -59.8 100 0 37.4 9.9 10.5 3.5 2 0 3 5 5
-5267.3 -7924.8 -63.0 280 0 15.2 29.0 14.0 3.5 2 1 4 4 4
-5364.0 -7957.7 -60.2 190 0 13.4 28.9 14.0 3.5 2 1 4 1 1
-5350.0 -7879.7 -61.1 250 0 18.1 13.7 14.0 3.5 2 0 4 1 1
-5233.9 -8025.3 -62.7 99 0 9.8 9.0 10.5 3.5 2 0 3 4 4
-5255.5 -8021.9 -62.1 100 0 9.7 8.8 10.5 3.5 2 0 3 5 5
-5271.4 -7962.1 -62.2 11 0 10.2 9.5 10.5 3.5 2 0 3 3 3
-5240.5 -7919.7 -63.8 354 0 9.5 9.8 10.5 3.5 2 1 3 3 3
-5308.0 -7908.4 -61.7 330 0 18.4 26.7 14.0 3.5 2 1 4 5 5
-5352.6 -8007.7 -59.8 99 0 10.0 9.4 10.5 3.5 2 0 3 3 3
-5374.0 -8002.9 -59.3 101 0 10.0 8.6 10.5 3.5 2 0 3 1 1
-5368.8 -7900.1 -60.2 207 0 10.0 8.9 10.5 3.5 2 0 3 5 5
-5314.5 -7895.5 -61.8 357 0 7.4 9.0 10.5 3.5 2 1 3 2 2
-5315.0 -7885.3 -61.9 355 0 10.3 9.1 10.5 3.5 2 0 3 0 0
-5320.1 -7869.9 -62.1 268 0 8.7 9.5 10.5 3.5 2 1 3 4 4
-3294.1 -8068.1 -28.0 207 0 8.3 24.4 10.5 3.5 2 1 3 5 5
-3298.6 -8082.9 -27.3 208 0 14.2 23.7 14.0 3.5 2 1 4 4 4
-3280.3 -8114.7 -25.7 26 1 10.4 16.8 14.0 3.5 2 1 4 3 3
-3204.9 -8045.2 -33.7 289 0 24.2 9.6 10.5 3.5 2 0 3 3 3
-3195.3 -8072.7 -35.2 18 0 15.7 12.6 14.0 3.5 2 0 4 1 1
-3199.0 -8091.4 -36.1 18 0 12.0 30.4 14.0 3.5 2 1 4 3 3
-3201.0 -8104.9 -36.8 19 0 7.2 25.0 10.5 3.5 2 1 3 2 2
-3241.1 -8088.4 -29.6 199 0 5.2 5.8 10.5 3.5 2 1 3 4 4
-3244.1 -8099.6 -31.5 197 1 11.2 12.8 14.0 3.5 2 1 4 0 0
-3208.5 -8139.8 -38.5 25 0 8.8 42.7 10.5 0.0 0 1 3 5 5
-3762.1 -7713.9 -47.2 310 1 13.6 19.2 14.0 3.5 2 1 4 3 3
-3800.1 -7746.9 -44.2 42 0 22.5 7.3 10.5 3.5 2 0 3 5 5
-3796.9 -7723.2 -43.6 348 0 10.9 4.9 10.5 3.5 2 0 3 2 2
-3770.4 -7684.9 -45.2 19 1 11.9 13.7 14.0 3.5 2 1 4 5 5
-3769.0 -7672.0 -44.9 18 0 13.5 8.0 10.5 3.5 2 0 3 0 0
-3771.2 -7650.3 -43.9 336 0 14.9 9.1 10.5 3.5 2 0 3 1 1
-3797.7 -7653.4 -42.8 235 1 12.2 17.7 14.0 3.5 2 1 4 5 5
-3814.7 -7661.4 -42.2 236 0 11.1 23.8 14.0 3.5 2 1 4 0 0
-3828.0 -7663.4 -39.3 235 0 5.8 6.2 10.5 3.5 2 1 3 4 4
-3832.4 -7688.4 -40.5 236 0 8.5 16.6 10.5 3.5 2 1 3 5 5
-3840.8 -7691.3 -39.7 245 0 8.6 16.6 10.5 3.5 2 1 3 5 5
-3853.1 -7699.2 -38.9 234 1 11.1 18.1 14.0 3.5 2 1 4 2 2
-2956.8 -8233.5 -64.9 215 0 4.9 17.7 10.5 3.5 2 1 3 4 4
-3817.0 -7612.7 -47.9 359 0 6.8 11.2 10.5 3.5 2 1 3 5 5
-3823.7 -7630.7 -46.6 88 0 7.7 12.8 10.5 3.5 2 1 3 0 0
-3835.3 -7580.8 -50.2 269 1 10.4 19.3 14.0 3.5 2 1 4 5 5
-3835.4 -7633.4 -46.9 89 1 10.7 20.6 14.0 3.5 2 1 4 4 4
-3849.3 -7577.8 -50.9 269 1 11.6 21.4 14.0 3.5 2 1 4 0 0
-3859.9 -7577.7 -51.1 270 0 10.8 23.4 14.0 3.5 2 1 4 1 1
-3847.2 -7623.4 -46.7 89 1 10.7 12.2 14.0 3.5 2 1 4 4 4
-3862.1 -7628.4 -45.9 90 0 5.7 15.9 10.5 3.5 2 1 3 4 4
-3870.2 -7635.1 -44.9 89 0 9.5 18.3 10.5 3.5 2 1 3 4 4
-3884.0 -7634.7 -45.0 89 1 10.9 21.5 14.0 3.5 2 1 4 0 0
-3892.8 -7628.6 -44.4 89 0 8.0 14.2 10.5 3.5 2 1 3 4 4
-3908.6 -7576.8 -51.1 270 1 10.7 11.9 14.0 3.5 2 1 4 4 4
-3919.2 -7627.0 -45.0 91 1 10.2 17.7 14.0 3.5 2 1 4 1 1
-2932.9 -8199.1 -63.9 214 0 10.0 16.0 10.5 3.5 2 1 3 3 3
-2950.4 -8223.6 -64.6 215 0 8.6 12.5 10.5 3.5 2 1 3 4 4
-2962.3 -8244.9 -65.2 215 1 11.5 13.3 17.5 3.5 2 1 5 0 0
-2975.8 -8281.3 -65.7 215 1 11.4 13.1 17.5 3.5 2 1 5 0 0
-2899.3 -8240.1 -63.9 33 0 6.0 12.2 10.5 3.5 2 1 3 5 5
-2926.6 -8276.5 -65.0 36 0 4.9 11.5 10.5 3.5 2 1 3 4 4
-2951.2 -8309.8 -66.0 36 0 5.4 10.2 10.5 3.5 2 1 3 1 1
-4028.6 -7647.4 -41.7 24 0 8.8 15.3 10.5 3.5 2 1 3 0 0
-3964.5 -7623.2 -47.2 90 0 8.3 20.1 10.5 3.5 2 1 3 2 2
-3974.4 -7621.5 -47.4 90 0 8.2 19.6 10.5 3.5 2 1 3 1 1
-3976.1 -7579.1 -51.8 270 0 9.3 15.2 10.5 3.5 2 1 3 1 1
-4008.3 -7580.2 -51.6 279 0 8.1 20.3 10.5 3.5 4 1 3 5 5
-4018.0 -7579.7 -51.7 279 0 8.2 21.0 10.5 3.5 2 1 3 4 4
-4028.7 -7582.7 -51.1 279 0 8.1 17.5 10.5 3.5 2 1 3 3 3
-4075.8 -7589.1 -52.6 189 0 20.0 9.4 10.5 3.5 2 0 3 0 0
-543.2 -7365.3 -51.7 250 0 22.4 12.2 14.0 0.0 0 0 4 4 4
-558.2 -7370.9 -54.1 251 0 8.0 6.1 10.5 0.0 0 0 3 4 4
-573.8 -7398.0 -57.7 163 0 17.1 22.9 14.0 3.5 2 1 4 2 2
-580.1 -7238.4 -65.0 87 0 10.7 10.4 7.5 2.5 2 0 3 3 3
-314.5 -7829.6 -65.9 243 0 10.4 30.6 17.5 3.5 2 1 5 4 4
-293.4 -7864.4 -62.2 154 0 16.0 9.7 10.5 3.5 2 0 3 0 0
-280.7 -7832.6 -58.9 333 0 35.6 15.5 17.5 3.5 2 0 5 3 3
-263.9 -7848.4 -56.2 245 0 5.1 8.9 10.5 3.5 2 1 3 0 0
-300.3 -7813.0 -57.8 63 0 11.8 9.2 10.5 3.5 2 0 3 2 2
-319.8 -7796.2 -58.7 154 0 29.2 14.6 17.5 3.5 2 0 5 3 3
-320.6 -7767.5 -54.5 153 0 13.2 6.9 10.5 3.5 4 0 3 1 1
-339.4 -7750.7 -56.0 152 0 13.4 13.4 17.5 3.5 2 1 5 3 3
-335.6 -7842.2 -70.2 334 0 9.8 5.5 10.5 3.5 2 0 3 0 0
-363.6 -7768.6 -66.3 153 0 46.6 9.2 10.5 3.5 2 0 3 4 4
-347.1 -7757.2 -62.1 333 0 24.8 9.7 10.5 0.0 0 0 3 2 2
-336.6 -7780.7 -62.3 333 0 14.0 7.0 10.5 3.5 2 0 3 3 3
173.8 -7817.1 -15.9 301 0 32.0 22.5 17.5 0.0 0 0 5 2 2
223.8 -7930.7 -23.4 307 0 14.4 11.1 17.5 3.5 2 0 5 0 0
217.1 -8047.9 -40.8 263 0 7.7 11.8 10.5 3.5 2 1 3 0 0
-650.8 -7850.0 -60.3 353 0 15.2 17.9 14.0 3.5 2 1 4 0 0
-629.7 -7868.7 -62.6 186 0 9.0 23.6 10.5 3.5 2 1 3 4 4
-1536.7 -8269.9 -68.7 144 0 12.6 47.6 17.5 3.5 2 0 5 1 1
-1601.1 -8278.8 -65.9 146 0 6.8 30.8 10.5 3.5 2 0 3 2 2
-1618.1 -8254.2 -66.8 146 0 6.9 30.8 10.5 3.5 2 0 3 1 1
-1644.9 -8215.1 -69.1 146 0 14.2 30.8 17.5 3.5 2 0 5 1 1
-1673.1 -8173.9 -70.5 146 0 5.1 30.8 10.5 3.5 2 0 3 2 2
-1664.7 -8186.2 -70.1 146 0 4.4 30.8 10.5 3.5 2 0 3 0 0
-1652.9 -8203.3 -69.4 146 0 4.7 30.8 10.5 3.5 2 0 3 1 1
-1709.6 -8255.1 -65.5 189 0 13.8 18.0 17.5 3.5 2 0 5 2 2
-1711.3 -8265.2 -64.9 189 0 6.4 17.8 10.5 3.5 2 0 3 3 3
-1675.6 -8241.6 -66.4 11 0 10.0 30.9 17.5 3.5 2 0 5 5 5
-1793.0 -8309.3 -63.1 100 0 16.8 27.2 17.5 3.5 2 0 5 1 1
-6285.0 -8917.6 -6.8 189 0 19.3 47.8 7.0 3.5 2 0 2 0 0
-6288.0 -8935.4 -5.4 190 0 16.4 47.6 14.0 3.5 2 0 4 4 4
-6280.8 -8895.7 -8.6 191 0 17.6 48.0 14.0 3.5 2 0 4 2 2
-6277.4 -8877.3 -10.4 189 0 20.8 62.6 14.0 3.5 2 0 4 1 1
-6290.6 -8951.3 -5.2 189 0 16.0 28.5 14.0 3.5 2 0 4 0 0
-2193.2 -9949.5 -43.9 100 0 52.6 40.2 17.5 0.0 0 0 5 5 5
6932.0 -9456.4 -58.5 9 0 20.3 11.0 17.5 3.5 2 0 5 0 0
5272.3 -9780.7 -57.5 273 0 28.5 21.9 7.0 0.0 0 0 2 2 2
5473.1 -9796.9 -58.8 7 0 20.5 29.8 10.5 3.5 2 1 3 3 3
5364.3 -9755.0 -45.9 91 1 17.0 13.6 17.5 3.5 2 0 5 0 0
5295.5 -9760.9 -47.4 83 0 13.7 12.7 28.0 0.0 0 0 8 2 2
5347.2 -9745.5 -43.7 97 0 12.1 12.6 7.0 3.5 2 1 2 1 1
5401.6 -9752.4 -45.6 100 0 17.0 15.1 7.0 3.5 4 0 2 3 3
5426.1 -9751.2 -45.3 99 0 22.7 13.4 17.5 3.5 2 0 5 2 2
6674.3 -9840.6 -67.6 343 0 9.0 7.0 7.0 3.5 2 0 2 2 2
6670.3 -9790.3 -66.9 352 0 33.7 14.5 14.0 3.5 4 0 4 3 3
6644.2 -9860.7 -68.0 81 0 6.0 38.8 3.5 3.5 4 1 1 0 0
6633.9 -9862.3 -68.1 64 0 10.9 32.6 3.5 3.5 2 1 1 0 0
6640.7 -9776.7 -66.9 262 0 16.0 29.5 7.0 0.0 0 1 2 1 1
6621.5 -9782.7 -67.0 262 0 11.0 20.0 3.5 3.5 4 1 1 1 1
6576.6 -9852.6 -68.2 170 0 11.0 17.2 7.0 3.5 2 1 2 4 4
6584.4 -9865.3 -68.4 164 0 10.4 10.5 3.5 3.5 2 1 1 4 4
6737.0 -9732.3 -65.2 82 0 12.7 16.7 3.5 3.5 2 1 1 1 1
6763.8 -9729.1 -65.0 81 0 12.0 28.7 7.0 0.0 0 1 2 3 3
6747.9 -9686.1 -64.4 200 0 11.2 20.1 7.0 3.5 2 1 2 4 4
6794.6 -9725.8 -64.8 83 0 10.5 23.5 10.5 3.5 2 1 3 4 4
6807.9 -9718.4 -64.6 83 0 9.8 20.0 10.5 0.0 0 1 3 3 3
6862.4 -9691.9 -63.8 50 0 9.0 16.3 7.0 3.5 2 1 2 0 0
6871.1 -9685.3 -63.7 50 0 6.8 26.1 10.5 0.0 0 1 3 2 2
6884.1 -9674.7 -63.4 50 0 9.9 26.2 7.0 0.0 0 1 2 0 0
6896.8 -9663.8 -63.0 50 0 10.4 10.7 7.0 3.5 2 1 2 2 2
6916.5 -9646.0 -62.4 49 0 11.4 19.6 7.0 3.5 2 1 2 3 3
6924.6 -9637.6 -61.8 56 0 11.9 21.1 7.0 3.5 2 1 2 4 4
6935.2 -9620.2 -60.5 320 0 17.5 11.9 7.0 3.5 2 0 2 3 3
6904.9 -9710.3 -62.8 72 0 11.7 15.5 3.5 0.0 0 1 1 0 0
6931.0 -9694.6 -59.1 172 0 15.9 11.5 3.5 0.0 0 0 1 3 3
6765.2 -9674.8 -64.1 232 0 14.8 16.2 3.5 3.5 2 1 1 0 0
6812.5 -9635.5 -63.2 231 0 10.5 21.1 10.5 0.0 0 1 3 3 3
6826.8 -9623.6 -63.0 230 0 6.6 26.6 7.0 0.0 0 1 2 5 5
6835.6 -9616.7 -62.8 230 0 10.3 22.5 3.5 3.5 2 1 1 1 1
6856.3 -9599.2 -62.4 230 0 11.6 21.5 7.0 3.5 2 1 2 0 0
6871.5 -9591.5 -62.2 230 0 6.1 18.2 7.0 3.5 2 1 2 2 2
6875.7 -9584.3 -61.9 230 0 11.0 21.5 10.5 3.5 2 1 3 4 4
6644.4 -9745.9 -65.8 83 0 9.2 14.2 7.0 3.5 4 1 2 4 4
6664.8 -9720.7 -65.4 50 0 12.2 23.3 3.5 3.5 2 1 1 5 5
6675.4 -9712.8 -65.1 49 0 6.4 18.8 10.5 3.5 2 1 3 0 0
-6151.0 -8564.0 -36.0 353 0 23.0 23.1 7.0 0.0 0 1 2 1 1
-6258.6 -8476.0 -43.6 10 0 58.4 12.0 31.5 3.5 2 0 9 4 4
-2462.6 -10013.0 -57.2 9 0 12.4 26.2 17.5 3.5 2 1 5 5 5
-2508.3 -9924.9 -59.0 9 0 61.3 14.3 7.0 0.0 0 0 2 1 1
-2837.4 -10012.4 -60.9 189 0 22.8 30.1 14.0 0.0 0 1 4 2 2
-2755.0 -10018.9 -61.3 278 0 10.8 21.4 14.0 3.5 2 1 4 4 4
-2768.2 -10016.8 -61.2 279 0 11.5 21.6 14.0 3.5 2 1 4 3 3
-2464.0 -9891.3 -56.7 100 0 23.2 22.0 17.5 3.5 2 0 5 3 3
-2470.7 -9890.1 -57.4 279 0 31.6 14.1 17.5 3.5 2 0 5 0 0
-2450.7 -9916.5 -57.5 11 0 15.2 39.4 17.5 3.5 2 0 5 5 5
-2454.6 -9952.2 -57.9 9 0 29.2 41.7 17.5 0.0 0 0 5 4 4
-2528.9 -9796.2 -59.9 279 0 8.7 46.8 10.5 3.5 2 1 3 1 1
-2491.6 -9885.2 -58.1 101 0 22.5 13.5 17.5 3.5 2 0 5 1 1
-2510.3 -9805.7 -58.5 190 0 11.1 6.5 10.5 3.5 2 0 3 2 2
-2458.4 -9848.7 -58.4 280 0 41.3 8.2 10.5 3.5 2 0 3 4 4
-2794.3 -9894.5 -63.5 8 0 30.2 50.4 14.0 0.0 0 1 4 1 1
-2836.0 -9843.2 -62.9 190 0 9.9 28.0 10.5 3.5 2 1 3 1 1
-2726.3 -9745.6 -65.2 281 0 12.5 53.1 17.5 3.5 2 1 5 4 4
-2638.2 -9964.2 -62.5 279 0 30.4 69.8 17.5 0.0 0 0 5 3 3
-2663.8 -10075.9 -62.2 99 0 15.3 44.5 17.5 3.5 2 0 5 4 4
-5455.8 -8707.0 -58.8 9 0 12.7 88.1 10.5 3.5 2 0 3 3 3
-2848.6 -10175.6 -49.7 7 0 14.4 35.6 14.0 3.5 2 1 4 0 0
-1012.7 -8349.9 -68.6 55 0 27.3 26.9 14.0 0.0 0 0 4 0 0
-2454.0 -9824.8 -56.8 100 0 47.4 40.1 15.0 0.0 0 0 6 3 3
-2741.0 -8179.9 -60.5 212 0 33.4 33.7 17.5 0.0 0 1 5 4 4
-2473.6 -10026.9 -57.9 8 0 9.7 33.5 10.5 3.5 2 0 3 2 2
-2783.4 -9997.5 -61.4 279 0 18.2 31.7 14.0 3.5 2 1 4 5 5
-2714.3 -9885.1 -64.7 189 0 68.9 33.5 17.5 0.0 0 0 5 1 1
-1973.5 -10268.6 -31.2 9 0 15.9 30.1 14.0 3.5 2 0 4 0 0
-1896.8 -11034.1 -11.8 100 0 8.8 23.5 10.5 3.5 4 1 3 0 0
-1876.6 -11044.0 -10.1 100 0 9.7 24.1 10.5 3.5 2 1 3 3 3
-1971.8 -10284.4 -31.1 9 0 14.9 32.8 14.0 3.5 2 0 4 2 2
-2006.5 -10293.4 -31.1 188 0 13.2 32.9 21.0 0.0 0 1 6 4 4
-2507.1 -9950.8 -58.4 188 0 10.1 9.3 10.5 3.5 2 0 3 2 2
-2587.3 -10089.2 -60.6 99 0 11.6 40.1 17.5 3.5 2 1 5 5 5
-2705.8 -10009.4 -62.5 280 0 43.2 31.2 14.0 0.0 0 0 4 3 3
-2678.9 -9927.6 -63.6 97 0 10.7 16.1 17.5 3.5 2 0 5 2 2
-2663.9 -9855.4 -64.2 279 0 18.3 21.6 17.5 3.5 2 1 5 5 5
-2676.1 -9937.2 -64.3 99 0 19.1 84.1 17.5 0.0 0 0 5 1 1
-2600.2 -9870.8 -62.8 279 0 15.1 53.7 17.5 3.5 2 0 5 4 4
-2801.2 -10012.3 -60.8 278 0 9.1 19.1 10.5 3.5 4 1 3 4 4
-2804.3 -10130.6 -60.4 101 0 15.3 56.3 14.0 3.5 2 1 4 2 2
-2873.8 -10065.9 -59.0 187 0 22.1 28.3 14.0 3.5 2 1 4 0 0
-2903.3 -10012.2 -59.2 12 0 5.0 12.2 10.5 3.5 2 0 3 1 1
-6653.0 -11142.2 51.9 9 0 9.9 9.0 10.5 3.5 2 0 3 5 5
-6638.1 -11136.0 52.2 11 0 8.1 13.6 10.5 3.5 2 0 3 4 4
-6917.1 -7663.2 -63.1 217 0 8.4 33.6 10.5 3.5 2 1 3 4 4
-6925.2 -7703.7 -61.9 205 0 9.0 34.2 10.5 3.5 2 1 3 0 0
-6932.3 -7768.9 -60.7 99 0 9.1 23.6 10.5 3.5 2 1 3 2 2
-6923.4 -7764.0 -60.2 189 0 18.6 16.1 14.0 3.5 2 0 4 0 0
-6896.8 -7786.4 -59.7 111 0 15.1 17.1 14.0 3.5 2 1 4 3 3
-6850.8 -7798.6 -59.3 10 0 12.0 26.7 14.0 3.5 2 1 4 5 5
-6843.4 -7740.9 -61.0 25 0 10.5 34.3 14.0 3.5 4 1 4 0 0
-6922.5 -7686.6 -62.4 205 0 8.2 31.1 10.5 3.5 2 1 3 1 1
-6925.7 -7720.4 -61.4 205 0 9.4 32.4 10.5 0.0 0 1 3 5 5
-6930.1 -7735.4 -60.9 205 0 8.6 32.8 10.5 3.5 2 1 3 4 4
-6848.2 -7772.3 -60.0 25 0 8.5 30.6 10.5 3.5 4 1 3 2 2
-6845.7 -7756.7 -60.5 25 0 8.5 30.6 10.5 3.5 2 1 3 3 3
-6860.1 -7618.5 -64.3 205 0 10.7 38.4 14.0 3.5 2 1 4 1 1
-6753.5 -7937.6 -57.0 21 0 23.5 11.8 14.0 3.5 2 0 4 4 4
-6539.6 -8141.1 -49.1 11 0 38.7 20.9 14.0 0.0 0 0 4 4 4
-6848.8 -9486.8 6.5 10 0 26.2 26.8 14.0 0.0 0 1 4 2 2
-5627.3 -10076.5 -48.6 11 0 20.3 20.7 14.0 3.5 2 1 4 5 5
-6660.5 -7814.0 -57.2 279 0 10.1 49.2 10.5 3.5 2 1 3 2 2
-6682.6 -7721.9 -60.1 189 0 11.2 30.6 14.0 3.5 2 1 4 5 5
-6678.6 -7784.7 -59.2 99 0 28.7 12.2 14.0 3.5 4 0 4 2 2
-6685.6 -7759.2 -59.4 189 0 11.1 33.4 14.0 3.5 2 1 4 5 5
-6599.6 -7734.3 -57.9 9 0 10.4 31.4 14.0 3.5 2 1 4 3 3
-6610.8 -7752.0 -57.7 9 0 18.4 24.3 14.0 3.5 2 1 4 2 2
-6606.1 -7780.4 -57.3 9 0 9.7 35.5 10.5 3.5 2 1 3 1 1
-6625.4 -7796.4 -56.9 100 0 31.4 9.4 10.5 3.5 2 0 3 5 5
-6644.6 -8068.8 -53.7 9 0 30.0 28.2 14.0 0.0 0 0 4 2 2
-6638.7 -8038.8 -55.0 9 0 31.0 25.7 14.0 0.0 0 0 4 2 2
-6641.8 -8015.0 -55.4 9 0 15.0 44.3 14.0 3.5 2 0 4 1 1
-6633.5 -7962.0 -56.4 9 0 30.1 44.4 14.0 0.0 0 0 4 3 3
5125.3 -8533.8 4.3 14 0 9.4 26.8 10.5 0.0 0 1 3 4 4
5119.2 -8544.5 4.6 12 0 8.6 20.3 10.5 3.5 2 1 3 2 2
5116.8 -8554.5 4.8 12 0 7.8 14.3 10.5 3.5 2 1 3 0 0
5070.7 -8565.1 5.8 102 0 9.5 17.8 10.5 3.5 2 1 3 5 5
5060.0 -8562.0 6.2 102 0 11.2 21.9 17.5 3.5 2 1 5 1 1
-1116.4 -8160.5 -67.2 147 0 10.3 43.5 24.5 0.0 0 1 7 5 5
-6736.5 -8029.5 -54.5 162 0 28.6 31.2 14.0 3.5 2 0 4 0 0
-2437.1 -10524.5 -46.6 99 0 9.4 23.7 10.5 3.5 2 1 3 4 4
-2423.6 -10521.4 -45.2 99 0 5.7 13.9 10.5 3.5 4 1 3 3 3
-2430.7 -10488.8 -46.2 189 0 11.4 26.4 17.5 3.5 4 1 5 0 0
-2420.4 -10443.4 -46.4 189 0 9.7 34.7 10.5 3.5 2 1 3 0 0
-2415.8 -10423.1 -46.4 194 0 7.1 19.8 10.5 3.5 2 1 3 5 5
-2414.2 -10412.5 -46.6 189 0 13.4 28.3 17.5 0.0 0 1 5 1 1
-2413.4 -10379.0 -47.4 190 0 17.2 9.9 10.5 3.5 4 0 3 3 3
-2410.0 -10359.0 -47.8 189 0 18.0 9.6 10.5 3.5 2 0 3 4 4
-2343.6 -10360.6 -42.7 279 0 8.5 16.9 10.5 3.5 2 1 3 5 5
-2329.3 -10363.0 -41.7 279 0 5.8 18.6 10.5 3.5 2 1 3 5 5
-2316.7 -10375.6 -40.8 10 0 18.1 9.4 10.5 3.5 4 0 3 3 3
-2318.7 -10394.8 -39.8 10 0 4.2 7.7 10.5 3.5 4 1 3 3 3
-2327.9 -10398.0 -41.2 10 0 10.0 17.5 17.5 3.5 2 1 5 4 4
-2329.9 -10413.6 -40.7 11 0 9.4 14.5 10.5 3.5 2 1 3 0 0
-2331.8 -10428.6 -40.8 10 0 6.6 17.7 10.5 3.5 2 1 3 5 5
-2333.9 -10446.7 -42.1 11 0 6.7 35.5 10.5 3.5 2 1 3 5 5
-2337.0 -10460.0 -41.2 11 0 6.4 25.8 10.5 3.5 2 1 3 0 0
-2373.2 -10449.2 -42.7 13 0 11.6 5.3 10.5 3.5 2 0 3 4 4
-2338.8 -10469.7 -41.1 10 0 10.0 25.9 17.5 3.5 2 1 5 0 0
-2342.1 -10487.8 -40.3 9 0 5.7 17.9 10.5 0.0 0 1 3 5 5
-2395.4 -10526.0 -42.8 96 0 6.3 18.5 10.5 3.5 2 1 3 3 3
6437.3 -9844.6 -69.0 144 0 11.5 13.6 17.5 3.5 2 1 5 5 5
-6732.9 -8189.0 -43.4 17 0 37.4 20.1 7.0 0.0 0 0 2 0 0
-6429.3 -8370.0 -47.9 188 0 43.9 38.2 14.0 0.0 0 0 4 2 2
-5724.4 -9176.1 -51.3 100 0 29.9 15.3 10.5 3.5 2 0 3 3 3
-5719.3 -9097.8 -50.7 281 0 17.6 13.3 10.5 3.5 2 0 3 4 4
-5704.4 -9121.7 -51.2 346 0 16.7 32.5 10.5 3.5 2 0 3 2 2
-5742.1 -9130.4 -51.3 190 0 15.1 41.9 10.5 3.5 2 0 3 3 3
-5722.3 -9155.9 -51.5 100 0 47.9 14.0 10.5 3.5 2 0 3 1 1
-3616.3 -9038.9 -66.9 219 0 14.8 22.7 14.0 3.5 2 1 4 5 5
-5661.3 -9176.5 -53.8 123 0 17.6 22.0 10.5 3.5 2 0 3 0 0
-5646.3 -9188.3 -53.7 280 0 12.3 15.4 14.0 3.5 2 1 4 0 0
-5570.7 -9251.4 -55.2 9 0 41.6 11.5 10.5 3.5 2 0 3 3 3
-5591.9 -9234.8 -54.7 9 0 15.8 10.5 10.5 3.5 2 0 3 2 2
-5614.3 -9265.4 -54.1 99 0 8.7 18.3 10.5 3.5 2 1 3 1 1
-3526.7 -8076.1 -49.9 81 0 14.8 22.5 14.0 3.5 4 1 4 3 3
-4939.1 -11053.5 24.7 148 0 8.9 13.9 10.5 3.5 2 1 3 0 0
-515.6 -7233.3 -45.4 87 0 4.3 9.3 5.0 2.5 2 1 2 1 1
-502.2 -7236.2 -42.9 87 0 15.3 8.8 7.5 2.5 2 0 3 5 5
-464.8 -7232.6 -31.7 87 0 15.2 8.9 7.5 2.5 2 0 3 0 0
-438.5 -7228.3 -26.1 356 0 9.2 15.4 5.0 2.5 2 1 2 2 2
-632.9 -7761.5 -65.2 210 0 7.0 5.7 10.5 3.5 2 0 3 5 5
-608.9 -7767.7 -68.4 314 1 10.8 10.4 17.5 0.0 0 0 5 5 5
-629.3 -7751.3 -64.3 192 0 7.2 5.7 10.5 3.5 2 0 3 2 2
-625.0 -7738.8 -64.5 223 0 7.7 23.3 10.5 3.5 2 1 3 1 1
