2710.9 7952.1 -78.9 9 0 16.1 33.6 12.5 2.5 2 1 5 3 3
2716.6 8146.1 -74.6 116 0 11.5 24.0 12.5 2.5 2 1 5 5 5
2679.0 8142.9 -72.3 197 0 33.1 16.5 12.5 2.5 2 0 5 0 0
2655.9 8162.5 -74.0 93 0 6.3 26.2 7.5 2.5 2 1 3 3 3
2633.6 8138.1 -74.5 81 0 11.8 22.3 5.0 2.5 2 1 2 4 4
2608.3 8220.1 -80.0 85 0 35.6 31.4 10.0 0.0 0 0 4 3 3
2663.4 8221.3 -76.0 107 0 23.9 33.6 12.5 0.0 0 1 5 2 2
6023.1 9020.9 -77.8 97 0 28.9 68.4 10.0 0.0 0 1 4 0 0
6313.9 8828.9 -81.9 100 0 52.7 109.8 10.0 0.0 0 1 4 5 5
5021.0 10622.3 -57.8 244 0 27.2 34.2 10.5 0.0 0 1 3 2 2
4982.3 10604.8 -60.3 254 0 15.0 31.3 10.5 3.5 2 1 3 1 1
5023.8 10258.8 -71.1 59 0 10.9 19.4 10.0 2.5 4 1 4 3 3
5041.4 11506.6 -65.0 240 0 10.5 22.9 10.0 0.0 0 1 4 3 3
4931.2 11007.3 -60.2 160 0 16.0 9.7 7.5 2.5 4 0 3 1 1
4223.3 11525.7 -63.3 329 0 8.4 24.0 7.5 2.5 2 1 3 2 2
4206.1 11568.7 -65.0 241 0 11.2 19.4 7.5 2.5 2 1 3 0 0
4808.8 10133.1 -73.1 295 0 27.8 8.9 7.5 2.5 2 0 3 5 5
4543.6 10275.6 -74.8 264 0 37.3 9.9 7.5 2.5 4 0 3 2 2
4760.8 10028.0 -72.6 26 0 39.6 24.6 7.5 0.0 0 0 3 4 4
4841.1 10323.5 -73.2 320 0 42.1 17.2 14.0 3.5 2 0 4 5 5
5985.8 8976.1 -82.2 238 0 11.0 23.6 12.5 0.0 0 1 5 2 2
6001.4 9186.4 -69.4 191 0 16.2 40.3 12.5 2.5 2 1 5 0 0
5964.9 8963.3 -82.4 325 0 23.8 14.7 10.0 2.5 2 0 4 3 3
5979.7 8947.6 -82.8 329 0 12.8 15.5 7.0 2.5 2 0 2 2 2
5937.1 9015.3 -79.5 56 0 30.8 72.1 10.0 0.0 0 1 4 1 1
5908.4 9301.8 -67.7 190 0 15.9 30.6 12.5 2.5 2 1 5 0 0
6109.1 9225.0 -65.5 9 0 25.2 42.8 12.5 0.0 0 1 5 3 3
5968.5 9216.0 -67.4 9 0 24.8 22.0 12.5 2.5 2 0 5 0 0
6267.4 9209.6 -62.7 101 0 11.7 32.0 10.0 0.0 0 1 4 5 5
5891.5 9149.3 -76.3 325 0 18.7 55.4 10.0 2.5 2 1 4 1 1
6064.8 9275.3 -62.6 190 0 19.7 55.4 10.0 2.5 2 1 4 5 5
5866.1 9189.3 -77.2 327 0 19.6 51.5 10.0 2.5 4 1 4 5 5
6214.5 9257.6 -63.4 281 0 15.3 41.4 10.0 2.5 2 1 4 4 4
5976.0 9259.3 -65.9 10 0 16.4 36.3 12.5 2.5 2 1 5 0 0
5996.7 9157.3 -71.7 191 0 21.0 40.1 15.0 2.5 2 1 6 0 0
5893.8 9232.5 -69.9 167 0 19.4 35.7 10.0 0.0 0 1 4 2 2
5826.6 9196.2 -77.4 237 0 53.0 16.4 12.5 2.5 4 0 5 1 1
1369.7 7716.6 -81.2 49 0 30.6 16.9 12.5 0.0 0 0 5 1 1
2838.1 7946.0 -80.9 100 0 20.3 13.6 12.5 2.5 2 0 5 4 4
2729.2 7866.0 -84.4 100 0 14.5 42.6 10.0 2.5 2 1 4 1 1
2882.5 7956.0 -81.6 281 0 24.9 11.6 12.5 2.5 2 0 5 0 0
2933.8 8219.8 -86.9 284 0 16.0 15.5 10.0 2.5 2 0 4 4 4
1333.5 7758.6 -83.2 50 0 37.3 11.7 7.5 0.0 0 0 3 1 1
2682.6 7910.6 -82.8 191 0 16.8 25.0 10.0 2.5 2 1 4 4 4
-259.5 9763.0 -73.8 358 0 18.8 22.1 12.5 2.5 2 1 5 1 1
5090.2 9650.5 -66.0 333 0 14.2 10.3 7.5 2.5 4 0 3 1 1
2232.6 3976.2 79.3 10 0 17.7 10.5 5.0 2.5 2 0 2 2 2
4208.2 9421.7 -84.1 246 0 9.8 32.8 7.5 0.0 0 1 3 1 1
3442.4 9974.4 -87.4 93 0 10.0 21.4 2.5 0.0 0 1 1 4 4
3453.5 10030.4 -85.3 2 0 21.2 9.8 7.5 2.5 2 0 3 0 0
3436.0 10008.0 -86.0 182 0 10.5 8.5 2.5 2.5 4 0 1 2 2
1698.1 6882.0 -77.0 305 0 14.7 18.5 7.5 2.5 4 1 3 1 1
5487.3 9852.4 -65.0 341 0 17.9 17.5 10.0 2.5 2 0 4 1 1
4890.8 10472.5 -68.4 151 0 9.4 44.3 10.5 3.5 2 1 3 4 4
1540.2 8531.4 -81.8 101 0 5.9 6.4 7.5 2.5 2 1 3 2 2
1152.9 9041.1 -78.8 276 0 7.5 5.1 2.5 2.5 2 0 1 1 1
4317.3 10409.8 -66.9 330 0 10.0 5.9 5.0 2.5 2 0 2 0 0
4303.4 10440.0 -66.7 240 0 15.3 16.7 10.0 2.5 2 1 4 5 5
-205.6 7704.0 -56.8 207 0 14.0 20.7 10.0 2.5 2 1 4 0 0
-213.6 7761.5 -55.0 3 0 12.3 20.1 7.5 2.5 2 1 3 1 1
-223.2 7730.3 -54.5 10 0 11.2 20.2 7.5 2.5 2 1 3 0 0
-234.6 7696.4 -53.9 26 0 7.0 21.0 7.5 0.0 0 1 3 2 2
-239.6 7684.7 -53.5 20 0 11.4 20.3 7.5 2.5 2 1 3 1 1
-247.7 7668.3 -52.8 26 0 6.3 20.8 7.5 2.5 2 1 3 4 4
-273.0 7628.4 -49.9 33 0 14.4 17.6 10.0 2.5 2 1 4 2 2
-283.0 7614.6 -48.6 33 1 11.5 20.4 10.0 2.5 2 1 4 0 0
-293.2 7602.1 -47.5 31 0 13.6 20.5 10.0 0.0 0 1 4 1 1
-268.1 7596.4 -48.8 217 0 7.4 21.5 7.5 2.5 2 1 3 2 2
-259.1 7606.3 -49.9 213 0 12.7 22.9 15.0 0.0 0 1 6 0 0
-250.0 7620.1 -50.9 210 0 11.9 22.7 12.5 2.5 2 1 5 1 1
-240.2 7635.2 -52.0 211 0 7.6 23.3 7.5 2.5 4 1 3 5 5
-233.4 7645.7 -53.2 205 0 12.6 22.6 10.0 2.5 2 1 4 3 3
-225.9 7659.2 -54.3 214 0 14.2 22.7 10.0 2.5 2 1 4 4 4
-217.0 7673.2 -55.5 209 0 16.9 21.7 10.0 2.5 2 1 4 0 0
-210.6 7693.4 -56.3 202 0 7.7 16.9 5.0 2.5 2 1 2 5 5
-194.9 7739.1 -57.3 193 0 12.5 25.7 10.0 2.5 2 1 4 0 0
-189.2 7761.3 -57.4 191 0 6.9 22.0 7.5 2.5 2 1 3 3 3
-186.2 7783.8 -57.5 191 0 21.6 13.2 7.5 2.5 2 0 3 3 3
-133.6 7745.1 -58.1 11 0 7.3 20.8 5.0 2.5 4 1 2 2 2
-137.9 7733.4 -58.0 15 0 13.6 20.2 5.0 2.5 2 1 2 4 4
-141.9 7717.4 -57.8 17 0 14.2 22.9 10.0 2.5 2 1 4 4 4
-147.1 7700.3 -57.6 16 0 12.4 24.0 10.0 2.5 2 1 4 0 0
-153.5 7683.5 -57.4 19 0 12.1 23.2 7.5 2.5 2 1 3 3 3
-161.7 7666.6 -56.9 20 0 12.4 22.7 10.0 2.5 2 1 4 4 4
-169.4 7645.1 -56.3 26 0 8.7 23.6 7.5 2.5 2 1 3 1 1
-174.5 7636.7 -55.1 27 0 13.2 23.0 12.5 2.5 4 1 5 4 4
-185.0 7616.0 -53.8 29 0 7.8 23.5 7.5 2.5 2 1 3 0 0
-193.9 7604.2 -52.8 35 0 14.1 22.7 10.0 2.5 2 1 4 5 5
-143.7 7643.4 -57.7 199 0 11.8 20.3 7.5 2.5 2 1 3 5 5
-138.1 7658.6 -57.9 207 0 16.7 23.3 7.5 2.5 2 1 3 4 4
-130.2 7678.1 -58.2 195 0 12.0 21.6 7.5 2.5 2 1 3 2 2
-99.5 7778.9 -59.0 281 0 12.2 20.8 5.0 2.5 4 1 2 3 3
-43.2 7765.5 -62.9 10 0 12.7 24.4 10.0 2.5 4 1 4 5 5
-51.5 7730.2 -59.9 15 0 14.5 20.6 7.5 2.5 2 1 3 0 0
-54.3 7714.6 -59.4 15 0 15.0 22.8 10.0 2.5 2 1 4 0 0
-57.5 7704.1 -59.2 17 0 5.2 7.6 2.5 2.5 2 0 1 3 3
-57.8 7696.2 -59.2 18 0 6.8 22.9 5.0 0.0 0 0 2 3 3
-92.5 7610.3 -58.1 25 0 12.8 20.7 10.0 2.5 2 1 4 3 3
77.6 7744.1 -65.8 287 0 14.1 23.1 10.0 2.5 2 1 4 5 5
63.0 7712.5 -64.9 191 0 7.6 21.0 7.5 2.5 2 1 3 0 0
60.4 7694.1 -64.3 195 0 13.6 23.5 15.0 0.0 0 1 6 3 3
58.5 7680.1 -63.7 187 0 13.4 21.1 7.5 2.5 2 1 3 5 5
53.7 7664.1 -63.5 189 0 13.1 21.6 7.5 2.5 2 1 3 3 3
49.0 7650.4 -63.5 191 0 8.3 19.1 5.0 2.5 2 1 2 0 0
44.5 7633.3 -63.4 188 0 12.8 22.9 10.0 2.5 2 1 4 0 0
39.6 7620.2 -62.1 201 0 7.9 21.2 7.5 2.5 2 1 3 2 2
39.6 7599.5 -61.7 192 0 13.6 16.7 5.0 2.5 2 1 2 4 4
31.4 7587.9 -61.4 202 0 12.1 23.2 12.5 2.5 2 1 5 1 1
-17.2 7572.8 -59.3 126 0 13.6 20.8 7.5 2.5 2 1 3 0 0
47.3 7740.1 -65.6 11 0 20.9 12.8 7.5 2.5 2 0 3 1 1
9.5 7758.3 -65.0 281 0 6.5 18.7 2.5 2.5 2 1 1 2 2
-10.7 7762.4 -64.8 281 0 14.2 22.1 7.5 2.5 2 1 3 4 4
41.6 7715.2 -64.8 11 0 8.0 21.0 7.5 0.0 0 1 3 5 5
37.9 7699.7 -64.3 10 0 7.3 21.3 7.5 2.5 2 1 3 4 4
32.3 7678.7 -63.8 44 0 13.0 27.5 10.0 2.5 2 1 4 4 4
25.5 7652.7 -62.5 17 0 11.5 21.8 7.5 2.5 2 1 3 5 5
18.5 7636.0 -61.5 13 0 11.8 23.4 10.0 2.5 2 1 4 2 2
15.0 7622.0 -60.8 14 0 12.8 22.2 12.5 2.5 2 1 5 3 3
11.6 7607.3 -60.1 17 0 10.4 27.4 7.5 2.5 2 1 3 4 4
-23.1 7733.9 -64.6 191 0 6.0 25.2 7.5 2.5 2 1 3 4 4
-28.3 7711.9 -64.1 191 0 13.1 23.8 12.5 2.5 2 1 5 2 2
-29.6 7699.7 -62.9 188 0 12.6 20.2 12.5 2.5 2 1 5 3 3
-34.0 7685.1 -61.9 193 0 12.5 25.7 12.5 2.5 4 1 5 4 4
-39.0 7671.2 -60.8 193 0 11.8 24.0 10.0 2.5 2 1 4 4 4
-42.9 7654.7 -59.5 201 0 13.0 22.1 5.0 2.5 2 1 2 3 3
-50.3 7638.5 -59.4 207 0 17.6 29.4 12.5 2.5 2 1 5 0 0
0.4 8336.0 -64.1 10 0 15.0 14.9 10.0 2.5 4 0 4 5 5
61.4 8357.2 -61.0 146 0 8.2 26.2 7.5 2.5 2 1 3 0 0
454.5 8423.9 -64.3 100 0 21.3 12.8 7.5 2.5 2 0 3 5 5
81.5 8464.1 -58.8 281 0 12.4 37.2 17.5 0.0 0 1 7 5 5
83.3 8472.0 -57.2 100 0 12.4 41.3 12.5 2.5 2 1 5 4 4
128.4 8509.5 -54.7 100 0 12.2 22.1 7.5 2.5 2 1 3 5 5
193.5 8491.0 -57.0 101 0 31.3 22.4 12.5 0.0 0 0 5 1 1
218.5 8547.3 -56.6 10 0 12.6 23.0 10.0 2.5 2 1 4 3 3
58.4 8479.2 -57.7 191 0 43.5 13.1 10.0 0.0 0 0 4 3 3
-38.5 8391.4 -63.8 190 0 39.1 22.1 7.5 0.0 0 0 3 1 1
-5.7 8417.0 -63.1 194 0 37.6 17.3 10.0 2.5 2 0 4 3 3
-31.3 8258.3 -64.6 281 0 12.6 18.8 5.0 2.5 4 1 2 2 2
-14.6 8248.5 -64.3 281 0 16.1 13.0 5.0 2.5 4 0 2 3 3
9.3 8283.5 -65.0 280 0 16.1 38.3 10.0 2.5 2 0 4 3 3
-6.4 8278.9 -65.0 280 0 9.0 16.0 5.0 2.5 2 0 2 3 3
904.5 7726.4 -67.3 91 0 8.9 11.9 7.5 2.5 2 1 3 5 5
