-5451.9 7182.8 24.7 38 0 22.7 13.9 7.5 2.5 2 0 3 1 1
3635.9 8352.2 14.7 35 0 11.5 6.8 5.0 2.5 2 0 2 2 2
-5449.2 7208.3 24.6 219 0 14.6 14.3 2.5 2.5 2 0 1 4 4
3628.9 8353.9 14.0 34 0 16.6 12.3 2.5 2.5 2 0 1 4 4
4238.8 9095.1 17.1 18 0 22.6 13.9 5.0 2.5 2 0 2 3 3
4207.4 9195.4 12.6 188 0 12.4 14.4 7.5 2.5 2 1 3 1 1
4150.7 9115.7 13.6 281 0 22.1 13.9 12.5 2.5 2 0 5 4 4
4119.1 9134.1 11.8 9 0 36.6 34.4 10.0 0.0 0 0 4 5 5
6298.8 9126.9 -40.7 357 0 4.6 10.4 7.5 2.5 4 1 3 5 5
5884.7 9906.5 -22.9 153 0 30.5 20.6 12.5 0.0 0 0 5 1 1
5888.4 9830.2 -17.7 333 0 10.9 16.8 5.0 2.5 4 1 2 5 5
5455.6 8600.6 5.0 89 0 20.5 28.9 10.0 0.0 0 1 4 2 2
5388.5 8636.0 9.3 268 0 24.7 20.6 12.5 2.5 2 0 5 3 3
5363.6 8582.7 12.5 179 0 14.1 11.2 5.0 2.5 2 0 2 5 5
5346.0 8591.8 12.1 269 0 6.9 16.1 2.5 2.5 2 1 1 5 5
5339.0 8597.3 11.7 270 0 5.4 5.6 5.0 0.0 0 1 2 2 2
6348.4 8743.5 -29.7 61 0 16.1 10.6 10.0 2.5 2 0 4 3 3
