1028.9 -7422.8 -98.4 7 0 122.6 222.3 17.5 0.0 0 1 5 1 1
-1426.2 -6161.8 -101.4 40 0 14.1 32.1 17.5 3.5 2 0 5 5 5
-1498.4 -6487.6 -100.4 129 0 23.3 59.2 17.5 3.5 2 0 5 1 1
-1400.2 -6353.9 -98.6 309 0 20.0 26.7 17.5 3.5 2 1 5 0 0
-1386.1 -6302.4 -98.3 129 0 16.4 43.3 17.5 3.5 2 1 5 5 5
-1478.2 -6286.7 -101.9 129 0 12.9 6.6 10.5 3.5 2 0 3 1 1
-1478.0 -6240.5 -102.6 39 0 21.5 8.0 10.5 3.5 2 0 3 0 0
-1429.8 -6479.0 -98.3 219 0 17.7 40.9 10.0 2.5 2 1 4 1 1
-1371.7 -6044.2 -98.7 293 0 11.2 40.2 17.5 3.5 2 0 5 4 4
5755.8 -7427.9 -50.9 236 0 12.1 16.9 14.0 3.5 2 1 4 3 3
6346.6 -6563.3 -102.3 98 0 7.2 24.1 10.5 3.5 2 1 3 2 2
-1540.5 -7401.7 -78.5 310 0 25.0 32.9 14.0 0.0 0 1 4 0 0
-1494.4 -9227.1 52.4 189 0 34.1 30.2 10.0 0.0 0 0 4 4 4
-1462.4 -9134.8 44.9 45 0 10.8 28.5 17.5 3.5 2 1 5 5 5
-818.3 -10732.5 70.7 9 0 26.7 35.6 14.0 0.0 0 1 4 5 5
-1448.7 -9426.2 56.3 280 0 21.4 10.9 14.0 3.5 2 0 4 4 4
-1818.8 -9344.2 36.7 168 0 63.2 18.6 14.0 3.5 2 0 4 3 3
-1171.9 -10505.8 59.9 238 0 13.4 24.9 17.5 3.5 2 1 5 5 5
-1775.8 -9221.4 45.6 275 0 27.9 19.0 14.0 3.5 2 0 4 3 3
-1753.0 -9252.1 47.4 82 0 9.9 14.8 10.5 3.5 2 1 3 0 0
-1329.4 -9684.1 55.5 241 0 18.2 10.3 10.0 0.0 0 0 4 0 0
-1078.0 -10207.7 51.5 95 0 44.2 31.4 17.5 0.0 0 0 5 4 4
-1432.6 -9555.1 57.2 329 0 14.9 15.8 14.0 3.5 2 1 4 4 4
-1448.1 -9482.3 57.5 8 0 10.2 14.9 14.0 3.5 2 1 4 3 3
-1132.7 -9841.3 56.8 153 0 17.2 19.3 14.0 3.5 2 1 4 0 0
-1592.6 -9794.2 39.1 105 0 11.9 30.5 17.5 0.0 0 1 7 0 0
-2917.3 -8644.7 8.8 160 0 10.0 11.4 7.5 2.5 2 1 3 4 4
401.9 -9690.2 14.4 190 0 44.7 28.8 12.5 0.0 0 0 5 5 5
-2888.3 -8633.5 10.7 270 0 15.9 12.8 5.0 2.5 2 0 2 2 2
-2759.9 -8691.9 21.3 181 0 20.2 25.7 14.0 0.0 0 1 4 4 4
-2713.8 -8796.4 12.6 285 0 10.4 10.9 5.0 2.5 2 1 2 2 2
-2849.1 -8767.8 -34.7 276 0 23.3 26.3 14.0 3.5 2 1 4 0 0
-2738.2 -8856.6 -7.6 187 0 28.0 20.9 10.0 0.0 0 0 4 4 4
-2930.1 -8413.6 3.8 135 0 14.5 19.3 14.0 0.0 0 1 4 5 5
-1017.2 -10674.0 61.5 155 0 18.8 14.3 14.0 3.5 2 0 4 5 5
-996.9 -10627.7 61.8 280 0 14.6 18.4 14.0 3.5 2 1 4 3 3
-1005.3 -10329.3 63.4 11 0 37.0 17.8 15.0 2.5 2 0 6 1 1
-1234.7 -10346.6 55.2 165 0 7.9 20.5 7.5 2.5 2 1 3 0 0
-977.4 -10631.4 62.8 280 0 14.5 18.6 14.0 3.5 2 1 4 0 0
-983.9 -10680.2 62.9 99 0 17.2 21.7 14.0 3.5 2 1 4 4 4
-1029.7 -10647.7 60.8 188 0 14.4 19.4 14.0 3.5 2 1 4 1 1
-936.0 -10639.6 65.0 278 0 12.9 18.0 14.0 3.5 2 1 4 1 1
-1184.4 -10690.2 50.4 99 0 8.3 20.7 2.5 2.5 2 1 1 1 1
-888.2 -10644.1 67.2 281 0 26.0 53.5 14.0 3.5 2 1 4 4 4
-1564.4 -10990.4 -1.5 294 0 13.7 21.6 17.5 3.5 2 1 5 4 4
-1555.0 -11020.0 -0.4 111 0 18.6 14.2 17.5 0.0 0 0 5 2 2
-1589.5 -10936.8 -3.4 292 0 6.6 46.6 10.5 3.5 2 1 3 2 2
-1771.8 -11184.2 -30.5 56 0 9.9 25.3 10.5 3.5 2 1 3 2 2
-1759.1 -11070.1 -23.0 1 0 14.1 24.2 14.0 0.0 0 1 4 3 3
-1760.5 -11085.9 -23.1 359 0 9.8 8.6 10.5 3.5 2 0 3 0 0
-1789.1 -11047.4 -24.1 211 0 30.1 9.3 10.5 3.5 2 0 3 2 2
-1757.2 -11099.9 -23.9 342 0 11.9 11.9 14.0 0.0 0 1 4 3 3
-1632.6 -10949.2 -6.0 283 0 7.1 25.3 10.5 3.5 4 1 3 3 3
-1779.4 -11126.1 -28.0 36 0 24.3 9.6 10.5 3.5 2 0 3 4 4
-1580.0 -10818.2 0.4 197 0 15.0 6.6 10.5 3.5 2 0 3 1 1
-1460.7 -10731.2 17.2 96 0 9.1 24.4 7.5 2.5 2 1 3 5 5
-1305.0 -10700.4 35.1 302 0 7.7 14.5 5.0 2.5 2 1 2 1 1
-1123.1 -10133.5 46.5 275 0 44.0 30.3 17.5 0.0 0 0 5 2 2
-1716.5 -9481.8 40.5 101 0 11.0 23.2 17.5 0.0 0 1 5 5 5
-1700.4 -9688.1 40.0 190 0 10.3 9.9 10.5 3.5 2 0 3 0 0
-1829.6 -9332.0 35.1 346 0 30.5 13.0 14.0 3.5 2 0 4 5 5
-1713.8 -9684.1 38.0 98 0 19.4 32.0 14.0 0.0 0 1 4 5 5
-2261.4 -9885.5 32.9 215 0 23.1 20.5 12.5 2.5 2 0 5 0 0
-2248.6 -9779.7 16.7 100 0 7.5 30.3 7.5 2.5 2 1 3 0 0
-2257.7 -9980.1 37.7 99 0 8.2 11.2 7.5 2.5 2 1 3 3 3
-969.3 -10411.0 64.8 190 0 14.8 17.6 10.0 2.5 4 1 4 3 3
-935.0 -10396.5 65.4 287 0 13.6 10.2 8.0 2.5 2 0 2 3 3
-1146.2 -10385.2 60.7 183 0 15.9 21.2 12.5 0.0 0 1 5 4 4
-1138.6 -10434.4 61.6 182 0 11.2 17.4 5.0 2.5 2 1 2 3 3
-1110.7 -10416.8 62.0 14 0 8.9 9.8 7.5 2.5 2 1 3 0 0
-561.5 -11018.8 63.2 92 0 13.1 31.2 12.5 2.5 2 1 5 5 5
-714.9 -10972.1 64.2 19 0 16.6 34.9 10.0 0.0 0 1 4 0 0
-365.5 -11018.4 47.3 278 0 18.5 20.7 12.5 2.5 2 1 5 5 5
-454.6 -11468.1 0.3 106 0 20.2 21.0 10.0 0.0 0 1 4 1 1
-670.3 -11574.7 7.7 101 0 20.3 19.9 7.5 2.5 2 0 3 0 0
-961.5 -10186.4 56.6 345 0 14.9 16.0 17.5 3.5 2 1 5 3 3
-985.4 -10110.5 55.6 347 0 19.1 12.3 17.5 3.5 2 0 5 3 3
-1056.6 -9631.1 69.1 325 0 16.6 18.1 17.5 3.5 2 1 5 5 5
-1432.2 -8958.5 32.9 93 0 16.3 13.7 14.0 3.5 2 0 4 2 2
-1436.3 -8969.8 34.4 274 0 40.7 22.5 14.0 3.5 4 0 4 4 4
-1495.4 -9104.6 43.2 162 0 10.6 11.9 17.5 0.0 0 1 5 0 0
-1275.4 -9832.5 50.8 100 0 14.1 38.2 12.5 2.5 2 1 5 4 4
-2006.3 -9178.5 33.4 188 0 21.2 17.0 7.5 2.5 2 0 3 0 0
-2073.1 -8679.3 15.3 293 0 14.9 11.4 5.0 2.5 2 0 2 1 1
-2073.8 -8831.1 18.3 100 0 32.0 16.1 12.5 2.5 4 0 5 1 1
-2080.1 -8772.8 18.5 224 0 13.1 29.5 12.5 0.0 0 1 5 5 5
-2250.0 -8583.6 11.9 12 0 21.6 13.3 10.0 2.5 2 0 4 4 4
-1986.2 -8855.3 10.9 355 0 10.9 13.6 10.0 2.5 2 1 4 3 3
-2336.7 -8348.3 -8.3 299 0 21.9 15.5 10.0 2.5 2 0 4 2 2
-2117.5 -8688.0 18.7 103 0 13.7 18.4 10.0 2.5 2 1 4 0 0
-349.7 -9045.5 9.5 101 0 9.2 20.5 5.0 2.5 2 1 2 0 0
-440.4 -8948.4 20.8 323 0 19.2 14.5 12.5 2.5 2 0 5 5 5
-11.3 -9093.1 -0.2 187 0 15.1 17.4 10.0 0.0 0 1 4 2 2
-228.6 -9007.6 -0.7 283 0 12.8 12.0 10.0 2.5 2 0 4 4 4
-108.4 -8972.9 -5.7 8 0 11.7 24.1 12.5 2.5 2 1 5 4 4
254.2 -9193.6 7.8 238 0 18.9 15.1 17.5 3.5 2 0 5 5 5
386.0 -9320.8 1.1 97 0 22.6 22.7 10.0 2.5 2 1 4 0 0
438.4 -9416.4 5.2 286 0 27.9 14.7 10.0 2.5 2 0 4 1 1
287.1 -9184.9 6.5 301 0 14.6 20.0 17.5 3.5 2 1 5 2 2
420.2 -9189.3 -2.2 96 0 33.1 71.4 14.0 0.0 0 1 4 0 0
234.8 -9101.5 3.4 99 0 18.5 20.3 14.0 3.5 4 1 4 1 1
251.9 -9501.5 9.1 294 0 20.4 14.5 14.0 3.5 2 0 4 4 4
-601.1 -10124.5 45.1 150 0 13.7 16.3 17.5 3.5 2 1 5 1 1
-768.7 -10012.9 40.6 171 0 26.1 22.6 14.0 3.5 2 0 4 5 5
-863.7 -10210.6 54.9 151 0 27.1 34.7 14.0 0.0 0 1 4 3 3
-825.2 -10220.9 56.7 60 0 9.4 9.2 10.5 3.5 2 0 3 0 0
-339.7 -10202.0 48.5 98 0 59.8 20.1 17.5 0.0 0 0 5 2 2
-330.2 -10153.8 47.7 341 0 7.8 32.2 10.5 3.5 2 1 3 1 1
-705.5 -9937.7 33.4 330 0 77.4 29.8 14.0 0.0 0 0 4 4 4
-376.3 -9925.9 25.3 64 0 21.9 27.5 17.5 3.5 2 1 5 1 1
-386.9 -10177.8 47.9 122 0 17.1 19.7 17.5 3.5 2 1 5 4 4
-799.7 -10207.6 54.7 233 0 12.9 14.9 14.0 3.5 4 1 4 3 3
-850.2 -10110.7 52.3 86 0 17.8 6.9 10.5 3.5 2 0 3 5 5
-587.6 -10430.7 73.4 314 0 23.2 12.8 12.5 2.5 2 0 5 4 4
-807.8 -9933.5 41.8 152 0 21.2 11.7 14.0 3.5 2 0 4 2 2
-716.1 -9880.2 31.6 331 0 5.9 16.4 10.5 3.5 2 1 3 3 3
-785.0 -9935.4 40.1 153 0 8.0 8.0 10.5 3.5 2 1 3 5 5
-768.6 -10347.5 64.0 51 0 13.0 25.2 14.0 3.5 2 1 4 1 1
-688.0 -9939.0 31.2 59 0 12.6 58.1 14.0 3.5 2 1 4 5 5
-782.5 -10087.9 47.1 61 0 20.3 12.3 17.5 3.5 4 0 5 5 5
-665.0 -10393.1 71.1 291 0 14.1 21.5 12.5 2.5 2 1 5 0 0
-5693.8 -4210.2 -96.0 115 0 41.0 42.9 17.5 0.0 0 1 5 4 4
1892.4 -7243.1 -97.3 99 0 8.9 21.5 10.5 3.5 2 1 3 5 5
6112.0 -10056.0 -71.8 77 0 7.4 17.5 10.5 3.5 2 1 3 2 2
6397.2 -10259.0 -43.4 52 0 14.3 35.0 14.0 3.5 2 1 4 0 0
3404.5 -10036.9 -99.9 166 0 9.3 45.8 10.5 3.5 2 1 3 0 0
3446.3 -10347.2 -101.2 179 0 30.3 13.7 17.5 3.5 2 0 5 3 3
3447.8 -10313.2 -100.2 180 0 27.8 11.3 17.5 3.5 2 0 5 1 1
3478.1 -10253.8 -95.8 11 0 32.0 13.5 17.5 3.5 2 0 5 0 0
3483.1 -10227.0 -99.9 11 0 22.5 13.1 17.5 3.5 2 0 5 2 2
3488.9 -10198.1 -101.2 11 0 36.4 12.9 17.5 3.5 2 0 5 4 4
3463.3 -10213.7 -101.6 102 0 12.9 34.9 17.5 3.5 2 1 5 4 4
3599.7 -9617.9 -100.3 92 0 15.1 14.3 14.0 3.5 4 0 4 4 4
3624.2 -9618.8 -103.4 93 0 15.1 14.4 14.0 3.5 2 0 4 3 3
3661.1 -10003.5 -87.7 69 0 10.6 20.6 17.5 3.5 2 1 5 2 2
3545.9 -9823.3 -97.3 347 0 26.2 5.3 10.5 3.5 2 0 3 0 0
2503.5 -8153.3 -96.6 199 0 23.0 18.4 17.5 3.5 2 0 5 5 5
2452.5 -7390.5 -100.5 189 0 14.3 15.2 14.0 3.5 2 0 4 2 2
6469.4 -7726.1 -101.4 136 0 16.1 29.3 14.0 3.5 2 1 4 3 3
-172.4 -9955.1 36.5 31 0 12.1 17.2 14.0 3.5 2 1 4 3 3
6334.6 -8348.9 -92.5 191 0 36.0 46.6 14.0 0.0 0 1 4 1 1
5333.3 -7220.2 -69.8 273 0 10.8 56.5 17.5 3.5 2 1 5 2 2
5322.2 -7174.4 -92.2 170 0 55.9 11.8 17.5 3.5 4 0 5 4 4
5356.3 -7212.4 -84.6 179 0 54.7 14.1 17.5 3.5 2 0 5 3 3
5147.4 -7158.0 -73.4 186 0 25.0 11.2 17.5 3.5 2 0 5 3 3
5152.9 -7136.9 -83.9 211 0 16.0 12.6 17.5 3.5 2 0 5 1 1
5173.8 -7130.4 -93.7 54 0 12.1 12.1 17.5 3.5 2 0 5 5 5
6472.1 -7696.1 -101.6 47 0 8.2 33.6 10.5 3.5 2 1 3 4 4
6432.5 -7698.1 -101.4 137 0 28.1 12.7 14.0 3.5 2 0 4 5 5
6729.5 -8228.1 -88.7 190 0 21.8 16.4 14.0 3.5 2 0 4 3 3
6786.9 -8210.8 -88.0 11 0 12.3 18.1 14.0 3.5 2 1 4 0 0
6750.6 -8180.5 -89.5 190 0 22.0 21.8 14.0 3.5 2 0 4 4 4
6763.1 -8149.9 -90.3 281 0 23.1 16.1 14.0 3.5 2 0 4 2 2
-3357.8 -5492.6 -93.1 52 0 10.1 25.3 17.5 3.5 2 1 5 1 1
-3842.5 -5509.6 -59.1 91 0 16.1 11.2 14.0 3.5 2 0 4 5 5
-1078.2 -6478.3 -94.3 152 0 12.4 18.2 17.5 3.5 2 1 5 0 0
-1091.1 -6467.6 -94.3 76 0 20.7 12.5 17.5 3.5 2 0 5 0 0
-1100.2 -6441.5 -93.2 256 0 22.6 14.1 17.5 3.5 2 0 5 2 2
-952.4 -6629.7 -92.8 116 0 19.1 11.2 14.0 3.5 2 0 4 1 1
-1387.2 -6330.5 -97.9 129 0 21.6 27.0 17.5 0.0 0 0 5 3 3
-1294.5 -6258.6 -95.6 39 0 11.5 15.0 17.5 3.5 2 0 5 5 5
-1315.4 -6227.1 -97.0 309 0 14.7 40.6 17.5 0.0 0 1 5 5 5
-1335.5 -6220.2 -97.6 309 0 15.4 18.5 17.5 3.5 2 1 5 1 1
-1275.6 -6225.5 -95.1 129 0 11.9 12.1 14.0 3.5 2 0 4 5 5
-1300.6 -6203.5 -96.1 129 0 12.4 27.1 14.0 3.5 2 0 4 3 3
-1344.0 -6150.8 -98.1 129 0 19.9 20.8 14.0 3.5 2 0 4 2 2
-1357.1 -6121.1 -98.9 219 0 11.5 14.9 14.0 3.5 2 0 4 2 2
-1416.4 -6391.6 -98.3 129 0 14.3 10.0 10.5 3.5 2 0 3 0 0
-1356.2 -6062.4 -98.7 23 0 35.6 15.6 17.5 3.5 2 0 5 0 0
-1387.7 -6115.2 -99.8 39 0 13.3 47.5 17.5 3.5 2 1 5 0 0
-1449.7 -6168.0 -102.4 129 0 40.3 12.6 17.5 3.5 2 0 5 2 2
-1517.2 -6435.6 -101.6 130 0 36.7 31.0 17.5 0.0 0 0 5 3 3
-1539.9 -6420.9 -102.1 129 0 17.6 33.9 17.5 3.5 2 0 5 2 2
-1526.0 -6491.9 -102.4 309 0 33.7 18.9 17.5 0.0 0 0 5 2 2
-1544.1 -6479.3 -102.7 310 0 12.2 17.1 17.5 3.5 2 0 5 0 0
-1569.5 -6458.7 -103.7 310 0 17.3 17.5 17.5 3.5 4 1 5 1 1
-1564.0 -6487.8 -104.0 309 0 32.6 18.1 17.5 3.5 2 0 5 0 0
-1269.0 -6516.7 -94.4 39 0 24.6 12.6 17.5 3.5 2 0 5 1 1
-1357.2 -6435.0 -96.4 309 0 9.6 20.4 7.5 2.5 2 0 3 3 3
-1375.3 -6446.4 -96.9 309 0 10.3 15.3 10.0 2.5 2 0 4 3 3
-1399.7 -6456.3 -97.2 219 0 15.5 20.8 7.5 2.5 2 0 3 4 4
-1341.9 -6455.9 -96.6 309 0 40.7 13.9 12.5 2.5 2 0 5 4 4
-1363.0 -6456.6 -97.3 309 0 15.9 38.9 10.0 2.5 2 0 4 4 4
-1352.1 -6542.1 -96.9 39 0 17.5 43.2 17.5 2.5 2 0 7 3 3
-1298.7 -6551.7 -95.1 40 0 15.3 24.0 17.5 3.5 2 0 5 0 0
-1349.8 -6539.4 -95.9 220 0 31.8 46.8 17.5 0.0 0 0 5 0 0
-1355.8 -6571.7 -95.4 219 0 10.5 18.3 17.5 3.5 2 1 5 0 0
-1345.3 -6603.1 -94.0 40 0 14.9 14.3 17.5 3.5 4 0 5 2 2
-1435.4 -6504.4 -98.1 219 0 12.4 27.5 7.5 2.5 2 1 3 4 4
-1390.6 -6544.5 -96.9 37 0 15.2 12.3 7.5 2.5 4 0 3 0 0
-1385.4 -6579.7 -95.7 40 0 31.0 15.3 10.0 2.5 4 0 4 4 4
-1433.5 -6591.8 -94.4 129 0 17.8 18.8 12.5 2.5 2 0 5 4 4
-1471.6 -6551.2 -96.9 219 0 14.2 25.8 10.0 2.5 2 1 4 2 2
3919.1 -7037.5 -97.5 277 0 26.7 21.6 7.0 0.0 0 0 2 3 3
542.5 -6152.7 -88.7 116 0 14.7 39.0 14.0 3.5 2 1 4 0 0
1017.0 -8773.0 -9.9 106 0 17.7 19.7 12.5 2.5 2 1 5 2 2
-126.8 -6374.9 -83.7 75 0 25.3 11.8 17.5 3.5 2 0 5 3 3
-159.5 -6393.9 -84.7 255 0 31.5 12.4 14.0 0.0 0 0 4 3 3
-230.5 -6280.9 -86.0 164 0 15.8 9.5 10.5 3.5 2 0 3 0 0
-240.9 -6413.8 -87.4 247 0 22.9 14.8 17.5 0.0 0 0 5 5 5
-2522.0 -5038.8 -89.4 233 0 18.5 17.2 14.0 0.0 0 0 4 4 4
2363.1 -7642.6 -97.8 186 0 43.2 18.7 14.0 3.5 2 0 4 1 1
-186.9 -6289.2 -85.1 255 0 21.6 9.3 10.5 3.5 2 0 3 4 4
-104.4 -6388.8 -83.0 165 0 25.5 10.6 17.5 3.5 2 0 5 4 4
527.1 -6651.4 -95.5 18 0 33.0 15.1 17.5 3.5 4 0 5 1 1
624.2 -6736.5 -97.7 304 0 17.8 32.9 17.5 3.5 2 1 5 5 5
628.2 -6643.3 -96.6 303 0 24.0 24.0 17.5 0.0 0 1 5 3 3
651.5 -6694.8 -97.3 303 0 18.1 38.2 17.5 3.5 4 1 5 1 1
668.9 -6668.7 -96.9 303 0 18.3 20.8 17.5 3.5 4 1 5 1 1
-341.7 -11394.1 14.0 8 0 15.9 19.7 14.0 3.5 2 1 4 2 2
-519.5 -10117.5 44.5 153 0 21.2 10.2 14.0 3.5 2 0 4 2 2
-3356.2 -8821.1 3.4 100 0 12.7 30.1 17.5 3.5 2 1 5 2 2
-3944.6 -5206.9 -80.1 101 0 8.6 16.9 10.5 0.0 0 1 3 3 3
-3780.5 -5238.2 -85.5 98 1 10.6 17.1 14.0 3.5 2 1 4 1 1
-3783.8 -5212.9 -85.4 278 0 7.7 16.7 10.5 3.5 2 1 3 0 0
-3814.8 -5224.5 -83.4 105 0 5.9 18.7 10.5 3.5 2 0 3 1 1
-3831.9 -5220.1 -82.5 97 0 20.2 15.4 14.0 3.5 2 0 4 3 3
-3820.6 -5193.9 -83.2 275 0 6.8 8.0 10.5 3.5 2 1 3 2 2
-3853.1 -5223.7 -81.0 98 0 7.8 17.0 10.5 3.5 2 1 3 3 3
-3869.0 -5215.7 -82.2 99 0 16.1 29.5 14.0 3.5 2 1 4 2 2
-3840.9 -5155.7 -85.6 318 0 11.6 34.4 14.0 3.5 4 1 4 3 3
-3924.7 -5209.0 -79.8 98 0 9.8 14.1 10.5 3.5 2 1 3 0 0
-3886.2 -5211.6 -81.4 99 0 8.8 25.6 10.5 3.5 2 1 3 2 2
-3898.2 -5212.7 -80.9 98 0 9.5 26.1 10.5 3.5 2 1 3 2 2
-3906.3 -5164.2 -83.2 188 1 11.8 20.7 14.0 3.5 2 1 4 1 1
-3855.5 -5138.9 -86.4 319 0 7.5 20.8 10.5 3.5 2 1 3 5 5
-3862.3 -5129.2 -86.9 318 0 6.3 23.7 10.5 3.5 4 1 3 5 5
-3926.0 -5129.6 -84.8 186 0 9.4 7.2 10.5 3.5 2 0 3 3 3
-3926.0 -5101.4 -87.5 195 0 18.5 8.9 10.5 3.5 2 0 3 4 4
-3885.0 -5112.7 -87.5 321 1 16.1 14.4 14.0 3.5 4 0 4 4 4
-3896.9 -5097.8 -88.2 320 0 15.9 9.3 10.5 0.0 0 0 3 1 1
4486.0 -8274.9 -85.8 279 0 19.1 5.2 10.5 3.5 2 0 3 3 3
4288.9 -8747.2 -55.7 233 1 12.3 11.5 14.0 3.5 2 0 4 0 0
4316.9 -8716.5 -51.7 325 1 18.2 11.2 14.0 3.5 2 0 4 1 1
4298.5 -8728.1 -54.0 210 0 9.9 13.3 10.5 3.5 2 1 3 2 2
4270.8 -8778.8 -59.6 212 0 13.6 8.9 10.5 3.5 2 0 3 0 0
4537.5 -8282.5 -16.3 279 0 12.0 29.8 17.5 3.5 2 1 5 3 3
4202.5 -8817.8 -73.1 75 1 10.9 14.0 17.5 3.5 2 1 5 2 2
4469.0 -8378.9 -58.7 189 0 22.4 21.8 17.5 3.5 4 0 5 4 4
4486.6 -8352.0 -64.1 189 0 16.8 16.9 17.5 3.5 2 1 5 3 3
4448.7 -8340.1 -71.4 189 0 18.6 11.8 17.5 3.5 2 0 5 2 2
4540.4 -8331.7 -18.3 279 0 13.2 36.7 17.5 3.5 4 1 5 3 3
4523.4 -8325.2 -54.3 279 0 10.1 45.5 17.5 3.5 2 1 5 2 2
4499.4 -8295.0 -66.1 279 0 9.7 42.9 10.5 3.5 2 1 3 3 3
4479.0 -8296.6 -79.4 279 0 10.0 33.6 10.5 3.5 2 1 3 5 5
1894.1 -8361.5 -48.4 114 0 8.2 9.8 10.5 3.5 2 1 3 4 4
1747.3 -8409.1 -58.8 20 0 8.7 25.1 10.5 3.5 2 1 3 1 1
1785.5 -8407.6 -54.9 73 0 55.3 11.1 17.5 3.5 4 0 5 2 2
1791.8 -8391.5 -59.2 72 0 26.2 22.9 17.5 0.0 0 0 5 2 2
1829.5 -8400.4 -53.6 73 0 25.1 17.1 17.5 3.5 2 0 5 4 4
1831.6 -8345.0 -58.8 255 0 50.2 8.3 10.5 3.5 2 0 3 5 5
1875.0 -8362.8 -54.4 345 0 8.3 42.1 10.5 3.5 2 1 3 1 1
1868.0 -8393.6 -50.5 75 0 42.5 8.2 10.5 3.5 2 0 3 3 3
1872.6 -8401.1 -47.3 257 0 37.1 13.4 14.0 3.5 2 0 4 2 2
5109.7 -8898.5 -93.9 317 0 25.8 36.4 10.5 0.0 0 1 3 1 1
2219.9 -7330.8 -101.4 185 0 26.5 9.1 3.5 3.5 2 0 1 3 3
2231.4 -7337.0 -101.6 96 0 9.6 14.4 3.5 3.5 2 1 1 2 2
2214.3 -7289.7 -101.7 109 0 29.5 9.1 10.5 3.5 2 0 3 2 2
5353.6 -8843.4 -94.3 30 0 10.2 21.4 14.0 3.5 2 1 4 5 5
5171.0 -8955.0 -96.0 189 0 46.5 9.1 3.5 3.5 2 0 1 5 5
5004.5 -9076.6 -96.6 99 0 8.5 13.8 10.5 3.5 2 1 3 5 5
5100.9 -8979.0 -95.4 317 1 11.9 13.5 14.0 3.5 2 1 4 3 3
5151.8 -8917.9 -94.4 317 0 9.6 15.2 10.5 3.5 2 1 3 4 4
6860.5 -7736.5 -99.7 190 0 17.2 11.8 14.0 3.5 2 0 4 1 1
6900.6 -7753.7 -98.7 9 0 21.3 18.5 14.0 3.5 2 0 4 2 2
6901.1 -7732.6 -99.8 24 0 8.3 29.4 10.5 3.5 2 1 3 3 3
6830.6 -7770.1 -99.3 295 0 16.3 35.1 14.0 0.0 0 1 4 2 2
6806.0 -7759.0 -99.5 295 0 8.3 38.5 10.5 3.5 2 1 3 3 3
6846.7 -7776.5 -98.7 295 0 10.3 33.6 14.0 3.5 2 1 4 2 2
6863.3 -7784.2 -98.3 295 0 8.1 31.6 10.5 3.5 2 1 3 0 0
6857.2 -7852.3 -97.5 114 0 17.5 65.2 14.0 3.5 2 1 4 4 4
6830.7 -7853.6 -97.4 115 0 19.7 11.6 3.5 3.5 2 0 1 1 1
6816.7 -7835.7 -98.1 24 0 36.9 10.3 10.5 3.5 2 0 3 4 4
6787.1 -7843.5 -98.4 115 0 10.8 38.9 10.5 3.5 2 1 3 4 4
6773.9 -7820.4 -98.4 204 0 27.6 8.2 10.5 3.5 4 0 3 1 1
3619.0 -9703.6 -92.2 31 0 14.3 23.2 17.5 3.5 2 1 5 5 5
3462.8 -9477.9 -105.2 238 0 11.1 10.6 5.0 2.5 4 0 2 4 4
446.4 -6309.7 -79.6 166 0 25.0 5.6 10.5 3.5 2 0 3 0 0
471.7 -6273.6 -77.7 253 0 35.0 5.7 10.5 3.5 2 0 3 5 5
474.7 -6287.1 -79.2 254 0 24.7 26.2 17.5 0.0 0 1 5 3 3
3878.2 -7037.8 -97.6 189 0 21.1 23.6 14.0 3.5 2 1 4 5 5
4010.6 -7043.0 -97.7 171 0 21.5 16.5 17.5 3.5 2 0 5 1 1
4046.5 -7024.1 -98.0 277 1 11.5 23.6 17.5 3.5 2 1 5 3 3
4061.1 -7021.9 -98.2 278 1 13.2 17.2 17.5 3.5 2 1 5 2 2
4110.9 -7030.3 -98.2 7 1 14.5 12.4 17.5 0.0 0 0 5 5 5
4126.7 -7018.9 -99.0 8 0 31.7 10.6 14.0 3.5 2 0 4 0 0
4154.3 -6999.2 -99.2 277 1 11.1 22.7 17.5 3.5 2 1 5 3 3
4164.2 -7018.5 -98.6 189 0 14.0 6.3 10.5 3.5 2 0 3 5 5
4202.0 -7026.5 -98.9 98 0 8.2 20.6 10.5 3.5 2 1 3 3 3
4218.0 -6996.5 -99.3 279 0 8.1 27.2 10.5 3.5 2 1 3 1 1
4223.7 -7025.4 -98.9 98 0 7.9 21.0 10.5 3.5 2 1 3 5 5
4235.0 -7021.4 -98.7 97 0 9.1 11.1 10.5 3.5 2 1 3 2 2
4008.1 -7099.8 -97.8 278 0 5.8 11.8 10.5 3.5 2 0 3 1 1
4031.7 -7094.3 -98.0 278 0 9.3 11.6 10.5 3.5 2 1 3 2 2
4042.9 -7093.0 -98.6 279 0 9.7 20.4 10.5 3.5 2 1 3 5 5
4095.6 -7185.2 -102.9 8 0 18.0 34.7 17.5 3.5 2 1 5 1 1
4060.6 -7155.2 -101.9 189 0 18.3 12.3 17.5 3.5 2 0 5 5 5
2838.2 -7159.1 -105.4 267 0 6.2 33.2 10.5 3.5 2 0 3 3 3
-3549.3 -5137.9 -95.2 318 0 35.7 33.9 14.0 0.0 0 0 4 3 3
-3506.7 -5183.4 -94.9 319 0 11.8 37.2 14.0 3.5 2 1 4 0 0
-3485.7 -5202.4 -94.8 319 0 15.1 10.2 14.0 3.5 4 0 4 3 3
-3457.0 -5235.8 -94.6 319 0 12.2 41.4 7.0 3.5 2 0 2 4 4
-3464.5 -5227.3 -94.6 319 0 10.7 19.4 14.0 3.5 2 0 4 3 3
-3459.3 -5276.3 -93.8 48 0 11.3 18.4 3.5 3.5 4 1 1 4 4
2805.5 -7158.3 -104.9 22 0 17.3 14.9 17.5 3.5 2 0 5 3 3
2758.7 -7191.8 -103.1 112 0 7.2 31.4 10.5 3.5 2 0 3 4 4
2746.9 -7187.2 -103.0 111 0 16.2 31.0 17.5 3.5 2 1 5 4 4
2828.1 -7246.5 -103.9 358 0 20.1 11.9 7.0 3.5 2 0 2 5 5
2838.4 -7232.5 -103.5 358 0 20.1 10.8 7.0 3.5 2 0 2 3 3
2839.8 -7236.6 -103.9 178 0 28.7 12.3 7.0 3.5 2 0 2 4 4
2851.8 -7229.2 -103.1 178 0 15.1 12.3 7.0 3.5 2 0 2 0 0
2890.5 -7221.9 -101.2 178 0 5.0 12.8 10.5 0.0 0 1 3 2 2
2899.1 -7241.6 -105.6 358 0 14.9 5.5 10.5 3.5 2 0 3 5 5
2896.5 -7268.0 -105.6 88 0 7.1 11.9 10.5 3.5 2 1 3 4 4
2571.4 -7056.7 -104.8 202 0 18.8 9.2 10.5 3.5 2 0 3 4 4
2615.3 -7092.4 -104.5 127 0 9.8 18.3 10.5 3.5 2 1 3 5 5
2636.0 -7108.8 -104.3 109 0 9.1 24.1 10.5 3.5 2 1 3 0 0
2675.2 -7113.1 -103.9 22 1 16.7 12.8 17.5 3.5 4 0 5 0 0
2566.9 -7011.2 -104.9 23 0 10.2 9.4 10.5 3.5 2 0 3 1 1
2494.1 -7011.1 -102.1 113 0 9.2 26.3 10.5 3.5 2 0 3 5 5
2469.4 -7001.9 -100.9 113 0 8.4 19.6 10.5 0.0 0 1 3 5 5
2482.5 -6968.3 -101.2 293 0 10.2 14.3 17.5 3.5 2 1 5 2 2
2525.4 -6985.6 -103.0 293 0 5.3 15.4 10.5 3.5 2 1 3 1 1
2506.6 -7024.1 -102.6 113 0 12.5 17.0 17.5 3.5 2 1 5 5 5
2552.9 -7044.2 -104.5 23 0 18.2 11.2 17.5 3.5 2 0 5 4 4
2519.1 -7030.9 -103.0 113 0 12.1 5.1 10.5 3.5 2 0 3 0 0
2536.5 -6990.6 -103.6 293 0 8.8 37.7 10.5 3.5 2 1 3 4 4
2531.7 -7040.6 -104.3 114 0 10.4 47.2 17.5 3.5 2 1 5 5 5
2533.9 -8155.4 -96.9 19 0 6.8 11.0 10.5 3.5 4 1 3 5 5
2052.9 -6607.8 -96.4 113 0 12.1 33.5 17.5 3.5 2 0 5 5 5
2042.1 -6603.3 -96.4 113 0 11.5 33.5 17.5 3.5 2 0 5 3 3
5405.2 -8777.9 -92.8 10 0 9.0 18.2 10.5 3.5 2 1 3 2 2
5386.7 -8798.1 -93.2 100 0 8.0 20.2 3.5 3.5 2 1 1 3 3
5361.6 -8722.9 -91.0 13 0 10.2 9.3 12.0 3.5 2 0 3 0 0
5014.0 -7629.9 -17.5 99 0 10.8 16.2 14.0 3.5 2 1 4 0 0
5038.0 -7630.1 -19.7 99 0 29.1 10.4 14.0 3.5 2 0 4 0 0
4969.4 -7565.3 -15.9 215 0 12.8 17.2 14.0 3.5 2 1 4 2 2
5003.4 -7579.7 -18.0 99 0 9.0 9.9 10.5 3.5 2 1 3 1 1
5001.8 -7561.9 -18.5 189 0 9.7 9.1 10.5 3.5 2 0 3 4 4
5042.4 -7527.7 -22.8 279 0 20.1 20.7 14.0 3.5 2 1 4 5 5
5079.1 -7542.0 -24.6 279 0 8.8 9.6 10.5 3.5 2 1 3 4 4
5099.5 -7639.9 -23.8 99 0 9.8 8.9 10.5 3.5 2 0 3 4 4
5088.8 -7638.1 -22.9 99 0 9.8 8.6 10.5 3.5 2 0 3 4 4
5089.0 -7623.4 -23.7 99 0 26.2 10.4 14.0 3.5 2 0 4 5 5
5119.6 -7638.1 -26.1 99 0 10.8 31.3 14.0 3.5 2 1 4 4 4
5690.7 -8714.1 -96.4 58 0 14.4 28.9 14.0 3.5 2 1 4 1 1
4946.6 -9196.3 -96.3 10 0 15.5 24.1 3.5 0.0 0 1 1 3 3
-5522.8 -8664.7 -91.3 222 0 12.7 18.0 5.0 2.5 2 1 2 2 2
-5663.1 -8667.1 -90.3 277 0 8.2 17.3 7.5 2.5 2 1 3 3 3
6577.2 -11567.6 -19.4 84 0 9.3 6.5 10.5 3.5 2 0 3 3 3
6665.9 -11546.1 -18.0 342 0 12.4 9.5 5.0 2.5 2 0 2 5 5
6841.5 -11451.3 0.6 173 0 20.9 14.4 12.5 2.5 2 0 5 4 4
-250.4 -10680.9 91.8 322 0 10.7 15.4 14.0 3.5 2 1 4 5 5
