-4262.7 385.9 -21.7 100 0 18.0 21.9 7.5 2.5 2 1 3 1 1
1474.1 -1968.6 -37.0 0 0 12.6 8.7 2.5 0.0 0 0 1 3 3
-850.4 -8179.1 -24.4 103 0 108.7 34.2 12.5 0.0 0 0 5 2 2
-534.4 -7566.2 -18.6 192 0 17.9 47.9 12.5 2.5 2 1 5 2 2
-160.1 -8051.0 -33.1 172 0 7.0 40.5 7.5 2.5 2 1 3 5 5
-94.2 -8038.9 -31.8 262 0 40.5 7.0 7.5 2.5 2 0 3 1 1
-99.4 -8007.6 -33.4 262 0 40.5 7.0 7.5 2.5 2 0 3 2 2
103.9 -8327.4 -36.4 82 0 45.9 104.9 12.5 0.0 0 1 5 5 5
-154.9 -8086.0 -31.1 172 0 7.0 40.5 7.5 2.5 2 1 3 4 4
48.4 -8322.6 -35.2 82 0 46.4 93.1 15.0 0.0 0 1 6 1 1
-155.7 -8078.0 -31.5 172 0 7.0 40.5 7.5 2.5 2 1 3 3 3
-109.9 -8071.4 -30.2 172 0 7.0 40.5 7.5 2.5 2 1 3 1 1
-82.5 -8226.3 -31.8 174 0 27.9 30.4 12.5 0.0 0 1 5 0 0
-161.9 -8033.2 -34.0 172 0 7.0 40.5 7.5 2.5 2 1 3 1 1
-159.0 -8059.7 -32.6 172 0 7.0 40.5 7.5 2.5 2 1 3 1 1
-91.8 -8114.1 -28.9 172 0 50.2 28.6 12.5 0.0 0 0 5 0 0
-95.4 -8030.0 -32.3 262 0 40.5 7.0 7.5 0.0 0 0 3 1 1
-321.6 -7560.6 -22.4 10 0 102.3 137.1 12.5 0.0 0 1 5 2 2
-113.0 -8054.6 -31.2 172 0 7.0 40.5 7.5 2.5 2 1 3 3 3
-163.9 -8022.5 -34.4 172 0 7.0 40.5 7.5 2.5 2 1 3 3 3
-160.6 -8042.5 -33.6 172 0 7.0 40.5 7.5 0.0 0 1 3 4 4
-48.5 -8011.1 -31.7 263 0 42.5 131.8 12.5 0.0 0 1 5 3 3
-45.5 -8195.9 -32.6 173 0 78.6 44.6 12.5 0.0 0 0 5 3 3
78.2 -8139.6 -34.0 262 0 45.8 77.7 10.0 0.0 0 1 4 5 5
-378.9 -7637.2 -20.2 101 0 39.3 25.6 10.0 0.0 0 0 4 0 0
-111.4 -8063.0 -30.7 172 0 7.0 40.5 7.5 2.5 2 1 3 1 1
-78.6 -8298.0 -32.8 172 0 47.8 39.0 12.5 0.0 0 0 5 1 1
-156.9 -8068.6 -32.1 172 0 7.1 40.5 7.5 2.5 2 1 3 2 2
-5.7 -8318.8 -34.0 81 0 45.2 82.2 12.5 0.0 0 1 5 1 1
-109.0 -8080.6 -29.7 172 0 7.0 40.5 7.5 2.5 2 1 3 0 0
-97.7 -8016.9 -33.0 262 0 40.5 7.0 7.5 2.5 4 0 3 2 2
-552.4 -7601.6 -17.4 193 0 35.2 42.6 10.0 0.0 0 1 4 2 2
432.0 -5466.6 -26.0 7 0 40.8 43.3 12.5 0.0 0 1 5 5 5
46.1 -8210.9 -33.4 262 0 16.0 13.4 5.0 2.5 2 0 2 4 4
23.0 -8147.0 -32.8 261 0 45.4 72.6 10.0 0.0 0 1 4 1 1
1070.6 -9202.9 -27.4 189 0 37.1 36.9 14.0 0.0 0 0 4 5 5
1042.9 -9143.8 -28.7 100 0 30.1 18.3 14.0 3.5 2 0 4 0 0
-6230.2 -177.4 19.1 12 0 14.8 16.4 5.0 2.5 2 1 2 5 5
221.4 -4400.0 -18.9 329 0 62.2 14.3 10.0 0.0 0 0 4 3 3
1103.1 -8894.9 -37.6 197 0 7.6 19.4 7.5 2.5 4 1 3 0 0
-5455.4 -3573.5 -45.4 182 0 19.0 23.3 7.5 2.5 2 1 3 0 0
-5382.4 -3666.0 -42.8 59 0 10.6 19.5 5.0 2.5 4 1 2 0 0
-5435.6 -3536.3 -45.9 346 0 5.1 10.6 5.0 2.5 2 1 2 2 2
2875.5 -8687.0 -23.8 105 0 14.4 23.7 12.5 2.5 2 1 5 4 4
-4963.4 -4230.1 -20.5 173 0 21.8 39.1 12.5 0.0 0 1 5 2 2
-4848.4 -4223.5 -19.5 282 0 15.1 15.1 7.5 2.5 2 0 3 0 0
4736.3 -8167.8 -36.9 100 0 16.2 9.0 5.0 2.5 2 0 2 3 3
4280.1 -8460.4 -31.9 281 0 22.3 14.5 7.5 2.5 2 0 3 2 2
3342.5 -9545.4 -44.6 11 0 6.4 9.4 2.5 2.5 4 1 1 5 5
3373.4 -9556.8 -45.8 41 0 38.0 14.5 7.5 0.0 0 0 3 5 5
4701.0 -11428.0 -38.8 152 0 15.1 26.0 12.5 2.5 4 1 5 0 0
4728.3 -11458.0 -40.0 98 0 4.6 12.4 5.0 2.5 2 1 2 3 3
-3279.3 374.1 -36.0 63 0 29.4 11.3 10.0 2.5 2 0 4 5 5
-5803.1 -10095.1 -40.7 73 0 10.3 36.2 12.5 2.5 2 1 5 1 1
-5933.0 -10085.2 -36.2 153 0 12.6 19.6 7.5 0.0 0 1 3 1 1
2803.5 -11188.9 -43.5 99 0 23.5 11.8 12.5 2.5 2 0 5 0 0
4503.4 -11291.8 -32.5 9 0 22.3 12.2 10.0 2.5 2 0 4 4 4
4841.4 -11267.8 -43.3 9 0 7.9 20.7 7.5 2.5 2 1 3 5 5
6686.6 -10450.0 -54.3 280 0 13.0 10.1 5.0 2.5 2 0 2 4 4
6640.2 -10437.9 -54.9 10 0 17.2 12.7 2.5 2.5 2 0 1 0 0
6635.2 -10462.2 -54.4 10 0 13.7 7.7 5.0 2.5 4 0 2 4 4
6658.9 -10529.7 -53.0 190 0 13.7 8.2 2.5 2.5 4 0 1 5 5
6657.8 -10516.0 -53.3 190 0 10.7 13.8 5.0 2.5 4 1 2 4 4
6745.7 -10428.9 -54.6 24 0 9.4 7.1 5.0 2.5 2 0 2 4 4
6754.9 -10424.4 -55.0 30 0 13.3 12.2 5.0 2.5 2 0 2 2 2
6703.1 -10454.7 -54.2 280 0 7.1 25.1 5.0 2.5 2 1 2 3 3
6734.1 -10411.6 -54.9 295 0 8.6 12.0 5.0 2.5 2 1 2 0 0
6708.1 -10418.3 -55.0 114 0 11.0 16.9 5.0 2.5 2 1 2 1 1
6736.3 -10475.1 -53.8 10 0 7.9 13.7 5.0 2.5 2 1 2 4 4
6831.0 -10494.2 -53.0 276 0 11.9 19.5 5.0 2.5 2 1 2 0 0
6656.5 -10403.1 -55.5 115 0 4.6 13.7 2.5 2.5 2 1 1 2 2
6665.2 -10374.4 -55.8 295 0 12.9 12.5 5.0 2.5 2 0 2 2 2
6650.2 -10558.6 -52.5 189 0 13.9 13.3 2.5 2.5 2 0 1 4 4
6641.1 -10607.4 -51.6 190 0 10.3 21.1 7.5 0.0 0 1 3 5 5
6634.8 -10650.1 -50.9 190 0 11.7 11.8 2.5 2.5 2 1 1 3 3
6633.6 -10660.0 -50.6 190 0 4.3 13.3 2.5 2.5 2 1 1 5 5
6621.9 -10527.2 -53.5 11 0 8.4 27.8 7.5 0.0 0 1 3 5 5
6620.1 -10538.8 -53.1 10 0 11.5 14.1 5.0 2.5 2 1 2 1 1
6615.6 -10567.8 -52.7 9 0 13.1 23.5 10.0 2.5 2 1 4 3 3
6609.3 -10599.0 -52.0 9 0 11.5 12.6 5.0 2.5 2 1 2 1 1
6600.7 -10632.2 -51.5 10 0 9.1 17.2 5.0 0.0 0 1 2 1 1
6590.9 -10694.9 -50.4 89 0 9.7 14.0 2.5 2.5 2 1 1 0 0
6583.7 -10706.1 -50.1 101 0 14.0 8.2 5.0 2.5 2 0 2 1 1
6626.2 -10695.1 -50.1 190 0 12.6 10.0 5.0 2.5 2 0 2 1 1
-5944.5 1003.4 42.1 0 0 10.3 5.2 5.0 2.5 2 0 2 2 2
-3878.8 -8027.9 -47.7 331 0 13.8 28.5 10.0 0.0 0 1 4 3 3
-3992.4 -7995.6 -48.9 9 0 15.7 14.2 7.5 2.5 2 0 3 3 3
-6716.5 -3799.9 -49.7 179 0 8.4 25.7 2.5 2.5 2 1 1 2 2
-6788.9 -3816.0 -49.7 100 0 30.0 12.7 5.0 2.5 2 0 2 4 4
-6902.9 -3811.6 -49.9 39 0 11.8 30.0 7.5 2.5 2 1 3 0 0
-6845.1 -3807.1 -49.8 25 0 11.0 27.7 7.5 2.5 2 1 3 3 3
-6773.6 -3825.7 -49.7 271 0 7.8 7.3 5.0 2.5 2 0 2 4 4
-6161.7 -4156.5 -49.3 86 0 14.1 19.7 12.5 2.5 2 1 5 2 2
-6189.9 -4107.2 -49.1 175 0 16.1 16.5 12.5 2.5 2 1 5 5 5
-6138.1 -4102.9 -46.7 261 0 16.3 15.0 7.5 2.5 2 0 3 0 0
-6145.3 -4156.1 -48.4 86 0 13.2 24.5 12.5 2.5 2 1 5 2 2
-6132.4 -4155.9 -47.6 86 0 8.7 24.0 7.5 0.0 0 1 3 4 4
-6089.4 -4128.8 -45.8 353 0 15.0 25.2 10.0 0.0 0 1 4 3 3
-6093.0 -4093.6 -44.6 355 0 12.4 23.7 10.0 2.5 4 1 4 3 3
-6127.2 -4063.4 -44.7 259 0 12.0 20.5 5.0 2.5 2 1 2 5 5
-6109.7 -4056.8 -43.5 254 0 11.8 25.4 12.5 2.5 2 1 5 1 1
-6135.1 -4013.1 -43.5 265 0 6.3 20.0 7.5 2.5 2 1 3 2 2
-6043.8 -4148.7 -43.3 79 0 20.7 14.2 12.5 2.5 4 0 5 1 1
-6046.9 -4120.5 -42.9 263 0 24.1 12.4 10.0 2.5 2 0 4 2 2
-6061.0 -4102.2 -42.1 178 0 9.6 17.4 7.5 2.5 2 1 3 3 3
-6065.1 -4073.1 -41.3 174 0 12.0 24.1 12.5 2.5 2 1 5 5 5
-6071.3 -4052.5 -40.7 141 0 19.5 14.3 7.5 2.5 2 0 3 2 2
-6058.9 -4029.7 -39.7 230 0 13.5 19.2 7.5 2.5 2 1 3 2 2
-6046.5 -4020.1 -38.8 225 0 12.7 21.8 7.5 2.5 2 1 3 0 0
-6013.5 -4066.3 -39.8 353 0 10.8 21.7 7.5 2.5 2 1 3 5 5
-6011.6 -4084.0 -40.3 354 0 7.8 23.4 7.5 2.5 2 1 3 4 4
-6018.8 -4106.1 -40.7 78 0 20.0 12.3 10.0 0.0 0 0 4 0 0
-6020.3 -4118.5 -41.5 255 0 12.9 20.4 12.5 2.5 2 1 5 5 5
-5997.6 -4122.6 -40.7 348 0 20.2 12.7 10.0 2.5 2 0 4 5 5
-6075.8 -3975.5 -38.5 215 0 11.1 19.5 5.0 2.5 2 1 2 0 0
-6042.9 -3960.2 -36.9 47 0 17.8 17.0 12.5 2.5 2 0 5 5 5
-6034.8 -3934.2 -35.9 308 0 19.3 16.5 12.5 2.5 2 0 5 5 5
-5985.2 -4106.9 -39.0 255 0 6.1 5.7 7.5 2.5 2 0 3 1 1
-5989.2 -4127.6 -39.8 167 0 14.0 13.6 5.0 2.5 4 0 2 2 2
-5965.7 -4128.6 -39.0 78 0 14.5 13.4 7.5 2.5 2 0 3 4 4
-5949.9 -4126.2 -38.2 77 0 14.1 15.2 5.0 2.5 2 1 2 3 3
-5925.0 -4097.7 -36.6 257 0 13.0 20.9 12.5 0.0 0 1 5 2 2
-5895.8 -4090.0 -34.8 255 0 11.2 16.6 5.0 2.5 4 1 2 5 5
-5878.4 -4086.7 -34.1 256 0 6.1 20.5 5.0 2.5 2 1 2 5 5
-5864.8 -4080.8 -33.1 263 0 11.9 14.1 5.0 2.5 2 0 2 2 2
-5988.2 -4063.0 -37.5 174 0 12.6 19.6 5.0 2.5 2 1 2 5 5
-5991.4 -4048.3 -37.2 172 0 13.0 23.4 10.0 2.5 2 1 4 0 0
-5991.8 -4030.2 -36.5 174 0 8.3 20.9 7.5 0.0 0 1 3 4 4
-5995.7 -4012.2 -36.1 174 0 8.1 22.1 7.5 2.5 2 1 3 1 1
-5995.1 -3997.4 -35.4 135 0 12.3 22.7 15.0 0.0 0 1 6 3 3
-5868.8 -4070.1 -32.9 84 0 23.0 12.2 15.0 0.0 0 0 6 3 3
-5901.8 -4074.3 -34.3 84 0 15.3 11.0 7.5 2.5 2 0 3 0 0
-5911.3 -4057.5 -33.9 173 0 11.8 20.4 7.5 0.0 0 1 3 3 3
-5946.7 -4077.1 -36.5 82 0 19.4 11.6 7.5 2.5 2 0 3 2 2
-5937.7 -4059.8 -36.1 354 0 7.9 21.1 5.0 2.5 2 1 2 2 2
-5941.0 -4040.8 -35.5 358 0 11.4 17.9 7.5 2.5 2 1 3 0 0
-5940.7 -4025.9 -35.1 354 0 6.6 22.3 7.5 2.5 2 1 3 1 1
-6001.0 -3959.3 -34.6 215 0 12.8 21.7 7.5 2.5 2 1 3 2 2
-5943.1 -4011.7 -34.7 354 0 6.8 22.8 7.5 2.5 2 1 3 1 1
-5947.8 -3975.3 -33.5 354 0 8.6 20.1 7.5 2.5 2 1 3 1 1
-5951.9 -3952.7 -33.0 353 0 11.5 20.5 7.5 2.5 2 1 3 3 3
-5952.2 -3934.1 -33.1 354 0 13.6 20.9 12.5 2.5 4 1 5 5 5
-5862.9 -4051.1 -32.3 356 0 8.5 16.1 7.5 2.5 4 1 3 2 2
-5867.3 -4027.5 -31.8 352 0 16.0 14.4 7.5 2.5 2 0 3 5 5
-5865.4 -4012.4 -31.3 355 0 16.8 19.9 12.5 2.5 2 1 5 3 3
-5867.0 -3997.8 -30.7 355 0 9.3 20.6 7.5 2.5 2 1 3 0 0
-5916.9 -4027.9 -33.0 173 0 13.3 22.6 10.0 2.5 2 1 4 2 2
-5915.7 -4037.1 -33.4 173 0 7.2 20.8 7.5 2.5 2 1 3 0 0
-5916.3 -4007.5 -32.4 175 0 13.9 18.8 5.0 2.5 2 0 2 3 3
-5919.4 -3990.6 -31.9 173 0 11.4 20.0 12.5 2.5 2 0 5 3 3
-5869.7 -3976.7 -30.2 352 0 16.0 16.7 7.5 2.5 2 1 3 5 5
-5871.4 -3959.5 -31.4 353 0 14.3 19.2 10.0 2.5 2 1 4 3 3
-5873.9 -3941.0 -32.7 352 0 15.5 18.8 12.5 2.5 2 1 5 2 2
-5923.6 -3964.0 -31.4 173 0 12.4 21.1 5.0 2.5 4 1 2 5 5
-5926.6 -3941.9 -32.6 172 0 7.0 21.7 7.5 0.0 0 1 3 3 3
-5927.9 -3923.1 -33.8 174 0 8.1 21.8 7.5 2.5 4 1 3 0 0
-5873.5 -3926.0 -33.7 354 0 8.9 24.8 7.5 2.5 2 1 3 1 1
-5888.1 -3906.9 -35.0 350 0 14.3 10.2 5.0 2.5 2 0 2 5 5
-5916.7 -3891.5 -35.6 265 0 11.6 20.4 7.5 2.5 2 1 3 2 2
-5932.3 -3903.3 -35.6 173 0 22.4 12.0 17.5 0.0 0 0 7 4 4
-5735.6 -4025.1 -26.5 333 0 6.7 8.4 7.0 2.5 2 1 2 0 0
-5826.4 -4081.4 -31.0 170 0 9.4 4.6 10.5 2.5 4 0 3 2 2
-5822.6 -4038.8 -29.2 136 0 8.9 9.8 3.5 2.5 4 1 1 3 3
-6015.0 -3669.8 -47.9 322 0 6.6 21.1 5.0 2.5 2 1 2 4 4
-6005.8 -3680.2 -47.6 322 0 10.5 15.3 5.0 0.0 0 1 2 5 5
-6003.6 -3695.8 -47.0 318 0 13.3 8.8 5.0 2.5 4 0 2 4 4
-5974.5 -3715.3 -46.4 313 0 7.3 22.3 5.0 2.5 2 1 2 5 5
-5929.1 -3754.1 -45.2 305 0 9.5 15.7 7.5 2.5 2 1 3 2 2
-5903.1 -3775.2 -43.8 305 0 5.3 16.8 7.5 2.5 2 1 3 3 3
-5894.9 -3779.3 -43.5 304 0 12.2 14.5 7.5 2.5 2 1 3 5 5
-5840.6 -3814.3 -41.1 295 0 10.8 7.3 5.0 2.5 2 0 2 0 0
-5799.7 -3833.0 -39.8 297 0 13.1 14.3 7.5 2.5 2 1 3 0 0
-5680.4 -4038.1 -25.9 340 0 5.9 14.6 7.5 2.5 2 1 3 5 5
-5697.9 -3994.9 -28.8 341 0 7.5 12.1 7.5 2.5 2 1 3 5 5
-5682.6 -4083.5 -24.8 70 0 9.4 21.4 7.5 2.5 2 1 3 1 1
-5733.4 -3902.2 -35.2 359 0 17.0 9.9 7.5 2.5 4 0 3 5 5
-5869.0 -3799.0 -42.2 304 0 11.2 17.1 7.5 2.5 2 1 3 3 3
-5766.7 -3811.1 -41.9 114 0 11.5 15.0 5.0 2.5 2 1 2 5 5
-5781.9 -3805.0 -42.4 114 0 11.0 13.2 5.0 2.5 2 1 2 1 1
-5794.3 -3798.3 -43.0 115 0 12.8 13.5 7.5 2.5 2 1 3 0 0
-5808.0 -3791.7 -43.1 113 0 13.1 7.6 5.0 2.5 2 0 2 3 3
-5852.0 -3766.3 -45.1 107 0 12.8 10.6 5.0 2.5 2 0 2 1 1
-5871.0 -3759.8 -46.3 128 0 8.7 25.1 7.5 2.5 4 1 3 5 5
-5880.7 -3747.5 -46.8 122 0 7.2 18.4 7.5 2.5 2 1 3 2 2
-5892.2 -3742.5 -46.8 125 0 13.0 11.9 7.5 2.5 2 0 3 2 2
-5905.1 -3736.2 -47.4 125 0 13.7 18.9 10.0 2.5 2 1 4 4 4
-5928.0 -3713.2 -47.7 134 0 11.5 9.4 5.0 2.5 2 0 2 0 0
-5963.3 -3681.0 -48.6 141 0 9.2 14.0 5.0 2.5 2 1 2 0 0
-5737.7 -3766.7 -43.4 297 0 11.8 20.2 7.5 2.5 2 1 3 1 1
-5752.7 -3763.4 -43.9 298 0 13.5 10.3 7.5 2.5 2 0 3 1 1
-5766.1 -3752.5 -44.7 295 0 13.5 14.9 7.5 2.5 2 1 3 4 4
-5776.5 -3745.8 -45.2 298 1 10.1 17.9 10.0 2.5 2 1 4 5 5
-5797.3 -3755.5 -44.8 293 0 6.5 7.2 5.0 2.5 2 1 2 5 5
-5792.8 -3739.6 -45.8 297 0 11.1 13.3 5.0 2.5 2 1 2 1 1
-5809.5 -3739.4 -46.0 297 0 11.6 6.6 5.0 2.5 2 0 2 4 4
-5835.0 -3721.7 -47.4 292 0 9.4 5.1 5.0 2.5 2 0 2 5 5
-5842.2 -3710.0 -48.3 299 0 8.2 21.8 7.5 2.5 2 1 3 3 3
-5859.8 -3702.9 -48.7 304 1 13.3 13.8 10.0 2.5 2 1 4 2 2
-5784.4 -3703.1 -47.7 118 0 12.4 11.0 5.0 2.5 2 0 2 3 3
-5771.1 -3712.6 -47.3 112 0 13.0 7.3 5.0 2.5 2 0 2 3 3
-5715.2 -3745.0 -45.1 108 0 8.1 15.9 7.5 2.5 2 1 3 5 5
-5696.4 -3708.6 -46.4 18 0 9.0 18.2 5.0 2.5 2 1 2 1 1
-5690.5 -3689.4 -46.7 18 0 11.9 17.3 10.0 0.0 0 1 4 2 2
-5686.0 -3661.4 -46.8 286 0 8.2 14.6 2.5 2.5 2 1 1 1 1
-5719.9 -3680.2 -47.0 299 0 8.6 10.9 5.0 2.5 2 1 2 5 5
-5737.9 -3652.9 -47.8 297 0 10.3 11.4 5.0 2.5 2 1 2 4 4
-5488.9 -3564.9 -45.9 5 0 15.3 12.9 2.5 2.5 2 0 1 2 2
-5511.9 -3574.8 -46.0 99 0 10.4 17.5 5.0 2.5 2 1 2 2 2
-5499.2 -3582.0 -45.5 95 0 8.0 5.8 2.5 2.5 2 0 1 1 1
-5568.8 -3558.5 -47.0 107 0 9.9 8.3 5.0 2.5 2 0 2 0 0
-5584.5 -3562.4 -47.4 105 0 10.8 19.6 7.5 2.5 2 1 3 3 3
-5600.4 -3556.7 -47.7 101 0 10.0 15.4 5.0 2.5 4 1 2 2 2
-5615.5 -3557.8 -48.1 105 0 14.3 23.7 7.5 2.5 2 1 3 1 1
-5631.0 -3553.1 -48.4 103 0 11.6 22.6 7.5 2.5 2 1 3 3 3
-5660.5 -3573.2 -48.1 284 0 8.7 18.0 2.5 2.5 2 1 1 3 3
-5677.3 -3633.5 -47.5 101 0 16.9 11.4 5.0 2.5 2 0 2 4 4
-5705.0 -3621.0 -48.1 116 0 13.0 12.0 2.5 2.5 2 0 1 1 1
-5594.7 -3602.6 -46.4 196 0 8.0 12.7 5.0 2.5 4 1 2 0 0
-5536.3 -3617.2 -45.2 273 0 12.3 8.7 2.5 2.5 2 0 1 0 0
-5521.2 -3613.7 -45.0 269 0 12.5 7.5 2.5 2.5 2 0 1 4 4
-5501.1 -3622.2 -44.7 4 0 12.4 11.6 5.0 2.5 2 0 2 5 5
-5502.5 -3661.1 -44.0 3 0 12.0 12.8 5.0 2.5 2 1 2 4 4
-5473.6 -3668.8 -43.3 93 0 11.1 10.2 5.0 2.5 2 0 2 5 5
-5452.7 -3664.9 -43.2 4 0 12.0 13.1 5.0 2.5 2 1 2 1 1
-5539.2 -3665.9 -44.5 91 0 11.2 11.4 5.0 2.5 4 1 2 0 0
-5604.8 -3639.6 -45.9 194 0 17.9 13.7 5.0 0.0 0 0 2 3 3
-5571.5 -3660.0 -45.2 104 0 12.4 19.9 5.0 2.5 2 1 2 1 1
-5555.1 -3665.3 -44.6 109 0 12.4 6.6 2.5 2.5 2 0 1 2 2
-5633.5 -4064.1 -24.3 156 0 9.7 14.5 7.5 2.5 2 1 3 5 5
-5657.6 -4006.5 -28.4 159 0 9.6 30.2 7.5 2.5 2 1 3 1 1
-5686.5 -3938.3 -32.5 220 0 7.7 15.4 5.0 2.5 2 1 2 0 0
-5662.2 -3941.0 -32.0 284 0 13.3 17.7 5.0 2.5 2 1 2 3 3
-5687.4 -3899.6 -35.5 105 0 9.7 13.4 5.0 2.5 2 1 2 4 4
-5687.7 -3856.1 -37.3 193 0 4.9 14.2 5.0 2.5 2 1 2 3 3
-5681.4 -3839.9 -38.2 284 0 9.3 12.3 5.0 2.5 2 1 2 4 4
-5688.8 -3811.2 -40.9 105 0 8.7 16.4 7.5 2.5 2 1 3 2 2
-5670.3 -3757.4 -43.0 283 0 13.5 10.7 5.0 2.5 2 0 2 1 1
-5654.3 -3687.5 -45.7 193 0 10.9 7.1 5.0 2.5 2 0 2 0 0
-5616.2 -3681.8 -45.2 284 0 13.9 20.7 10.0 2.5 4 1 4 2 2
-5597.2 -3739.9 -43.3 106 0 6.5 7.3 5.0 0.0 0 1 2 1 1
-5541.9 -3700.9 -43.6 273 0 13.3 15.8 5.0 2.5 4 1 2 4 4
-5519.3 -3707.4 -43.3 1 0 9.0 13.7 5.0 2.5 2 1 2 0 0
-5504.7 -3712.0 -43.0 3 0 17.2 12.4 5.0 2.5 2 0 2 0 0
-5420.1 -3760.1 -40.3 84 0 6.8 5.3 2.5 2.5 2 0 1 5 5
-5425.4 -3715.8 -41.7 348 0 15.2 9.9 5.0 2.5 2 0 2 4 4
-5500.5 -3749.2 -41.3 181 0 10.5 12.1 5.0 0.0 0 1 2 3 3
-5479.3 -3755.2 -40.9 93 0 13.3 7.8 5.0 2.5 2 0 2 3 3
-5460.8 -3756.5 -40.7 91 0 8.8 11.3 5.0 2.5 2 1 2 5 5
-5446.3 -3702.1 -42.1 274 0 13.1 15.7 5.0 2.5 2 1 2 3 3
-5387.6 -3698.2 -41.0 259 0 5.5 11.0 5.0 2.5 2 1 2 0 0
-5378.6 -3733.3 -40.0 169 0 13.3 16.1 5.0 2.5 2 1 2 1 1
-5351.6 -3855.4 -35.8 93 0 9.2 12.3 5.0 2.5 2 1 2 5 5
-5357.2 -3833.5 -36.7 182 0 12.8 12.3 5.0 2.5 4 0 2 1 1
-5359.0 -3818.7 -37.5 182 0 12.6 22.9 7.5 2.5 2 1 3 1 1
-5359.4 -3773.8 -39.4 183 0 10.0 18.5 2.5 2.5 2 1 1 2 2
-5187.7 -3952.0 -31.5 93 0 15.2 13.3 5.0 0.0 0 0 2 2 2
-5195.3 -3929.8 -32.3 183 0 12.9 21.7 7.5 2.5 2 1 3 5 5
-5203.8 -3862.0 -35.8 140 0 10.6 18.2 5.0 2.5 2 1 2 3 3
-5213.1 -3850.3 -36.3 90 0 10.8 11.8 7.5 2.5 2 1 3 3 3
-5229.3 -3853.5 -36.5 94 0 13.4 10.6 5.0 0.0 0 0 2 1 1
-5292.7 -3853.9 -36.3 94 0 9.3 14.0 5.0 2.5 2 1 2 3 3
-5264.3 -3841.3 -36.9 92 0 4.5 9.3 5.0 2.5 2 1 2 1 1
-5653.1 -3765.1 -42.3 286 0 10.4 10.5 5.0 2.5 2 1 2 4 4
-5638.1 -3767.5 -42.0 284 0 13.5 17.0 5.0 2.5 2 1 2 1 1
-5623.2 -3773.1 -41.3 286 0 9.1 16.6 7.5 2.5 2 1 3 2 2
-5666.4 -3816.4 -40.5 106 0 11.4 19.8 7.5 2.5 4 1 3 5 5
-5653.6 -3819.0 -39.8 104 0 9.9 13.4 5.0 0.0 0 1 2 5 5
-5621.5 -3825.0 -39.1 104 0 12.5 14.9 7.5 2.5 2 1 3 1 1
-5590.1 -3833.9 -38.1 104 0 9.8 16.3 7.5 0.0 0 1 3 3 3
-5579.9 -3788.1 -39.9 284 0 12.7 13.6 7.5 2.5 2 1 3 1 1
-5535.4 -3785.8 -39.3 275 0 9.0 22.2 2.5 2.5 2 0 1 3 3
-5514.2 -3831.9 -37.0 3 0 17.9 11.3 7.5 2.5 2 0 3 1 1
-5486.2 -3843.8 -36.3 92 0 12.2 17.4 5.0 2.5 2 1 2 0 0
-5467.4 -3838.9 -36.0 93 0 8.3 10.9 5.0 2.5 4 1 2 2 2
-5466.3 -3789.4 -38.2 272 0 11.1 10.1 5.0 2.5 2 0 2 2 2
-5436.6 -3791.1 -38.2 272 0 12.8 13.0 5.0 2.5 2 1 2 1 1
-5421.2 -3792.0 -38.2 274 0 12.9 17.7 5.0 2.5 2 1 2 4 4
-5398.2 -3853.4 -35.8 93 0 23.3 14.6 7.5 2.5 2 0 3 3 3
-5392.6 -3830.5 -36.5 2 0 10.2 12.8 5.0 2.5 4 1 2 1 1
-5662.0 -3906.6 -35.4 104 0 9.1 25.6 7.5 2.5 2 1 3 2 2
-5670.3 -3904.1 -34.7 106 0 6.9 8.9 7.5 2.5 2 1 3 4 4
-5678.1 -3902.3 -34.9 107 0 6.6 8.7 5.0 2.5 2 1 2 5 5
-5654.2 -3853.0 -37.1 286 0 11.2 7.2 5.0 2.5 2 0 2 5 5
-5648.5 -3909.7 -34.3 106 0 12.3 11.8 5.0 2.5 2 0 2 3 3
-5638.3 -3913.9 -34.1 105 0 7.4 16.3 5.0 2.5 2 1 2 0 0
-5618.8 -3917.2 -33.5 106 0 11.2 13.2 7.5 2.5 2 1 3 0 0
-5604.1 -3921.5 -32.8 106 0 12.1 8.2 5.0 2.5 2 0 2 3 3
-5601.8 -3868.5 -35.4 291 0 8.6 10.7 5.0 2.5 2 1 2 1 1
-5573.8 -3925.3 -32.6 93 0 12.0 16.1 7.5 2.5 2 1 3 2 2
-5557.5 -3928.9 -32.1 93 0 12.2 14.3 7.5 2.5 2 1 3 5 5
-5491.2 -3929.6 -30.7 97 0 9.6 6.8 5.0 2.5 4 0 2 3 3
-5456.4 -3876.7 -33.4 274 0 7.9 22.9 5.0 2.5 2 1 2 5 5
-5432.2 -3934.3 -31.2 93 0 13.7 14.8 5.0 2.5 2 1 2 1 1
-5413.4 -3881.5 -33.4 273 0 12.4 7.9 2.5 2.5 2 0 1 5 5
-5420.1 -3934.2 -31.1 92 0 5.1 11.8 5.0 2.5 2 1 2 3 3
-5394.5 -3937.5 -31.1 94 0 19.3 11.8 5.0 2.5 2 0 2 5 5
-5388.1 -3890.0 -33.3 3 0 10.3 11.5 5.0 2.5 2 1 2 3 3
-5389.1 -3899.3 -32.7 2 0 6.1 6.0 2.5 2.5 2 0 1 5 5
-5390.9 -3915.8 -32.0 1 0 7.4 9.9 7.5 2.5 2 1 3 4 4
-5353.9 -3919.4 -32.0 183 0 13.4 16.1 5.0 2.5 2 1 2 2 2
-5355.0 -3902.6 -33.0 183 0 13.2 24.7 7.5 2.5 2 1 3 0 0
-5269.4 -3886.6 -33.9 272 0 12.9 12.9 5.0 2.5 2 1 2 0 0
-5273.4 -3941.3 -31.5 94 0 13.2 10.9 5.0 2.5 2 0 2 4 4
-5259.4 -3942.4 -31.7 91 0 9.4 14.0 5.0 2.5 2 1 2 0 0
-5243.9 -3943.6 -31.7 93 0 11.6 14.2 5.0 2.5 2 1 2 0 0
-5224.1 -3922.5 -32.3 2 0 7.2 8.9 5.0 2.5 2 1 2 2 2
-5239.7 -3890.0 -33.9 273 0 10.6 16.8 5.0 0.0 0 1 2 1 1
-5223.2 -3899.7 -33.8 2 0 15.0 8.2 5.0 2.5 2 0 2 3 3
-5647.5 -3944.0 -31.7 285 0 13.8 20.5 10.0 2.5 2 1 4 2 2
-5629.7 -3950.5 -30.9 283 0 6.9 19.9 7.5 2.5 2 1 3 4 4
-5601.7 -3992.9 -28.4 350 0 13.7 20.3 7.5 2.5 2 1 3 5 5
-5594.4 -3999.4 -28.0 80 0 7.4 8.6 5.0 2.5 2 1 2 4 4
-5586.6 -4017.0 -26.8 348 0 8.6 22.5 7.5 2.5 2 1 3 5 5
-5590.5 -4031.0 -25.8 336 0 13.0 19.9 5.0 2.5 2 1 2 5 5
-5581.5 -4047.9 -24.6 339 0 13.2 23.5 10.0 0.0 0 1 4 0 0
-5571.8 -4070.7 -23.7 339 0 14.1 23.4 15.0 0.0 0 1 6 0 0
-5613.5 -3953.0 -30.7 284 0 8.9 19.4 7.5 0.0 0 1 3 2 2
-5571.2 -3957.8 -29.7 273 0 11.1 22.0 7.5 2.5 4 1 3 4 4
-5554.4 -3958.7 -29.4 274 0 7.5 23.5 7.5 2.5 4 1 3 4 4
-5447.0 -4108.2 -21.4 15 1 16.5 12.5 10.0 2.5 2 0 4 3 3
-5547.3 -4065.8 -23.2 195 0 13.4 21.9 10.0 2.5 2 1 4 2 2
-5538.5 -4037.6 -24.6 273 0 22.9 16.0 10.0 2.5 2 0 4 3 3
-5503.0 -4053.9 -24.1 2 0 14.7 17.3 12.5 0.0 0 1 5 5 5
-5505.1 -4084.6 -22.1 12 0 8.6 13.0 5.0 2.5 2 1 2 2 2
-5473.3 -4089.9 -21.7 275 0 14.0 22.5 12.5 2.5 2 1 5 1 1
-5440.5 -4110.9 -21.5 187 0 19.2 14.6 10.0 2.5 2 0 4 4 4
-5478.9 -4054.1 -24.1 182 0 18.1 13.0 7.5 2.5 2 0 3 0 0
-5450.8 -4065.6 -24.3 69 0 13.8 22.2 10.0 0.0 0 1 4 4 4
-5415.2 -4054.7 -24.0 265 0 12.2 21.2 5.0 2.5 2 1 2 1 1
-5386.7 -4051.3 -24.3 277 0 13.0 19.6 12.5 2.5 2 1 5 2 2
-5392.7 -4135.0 -20.5 106 0 10.7 19.3 7.5 2.5 4 1 3 1 1
-5542.2 -3961.3 -29.1 273 0 13.5 9.9 5.0 2.5 2 0 2 4 4
-5528.2 -4015.0 -27.0 94 0 9.1 23.6 7.5 0.0 0 1 3 3 3
-5484.2 -3970.0 -28.2 273 0 8.5 13.6 5.0 2.5 2 1 2 2 2
-5447.1 -4017.3 -26.9 95 0 14.3 20.1 12.5 2.5 2 1 5 3 3
-5449.6 -3967.1 -28.5 270 0 9.5 5.3 5.0 2.5 4 0 2 1 1
-5420.2 -3969.0 -28.6 274 0 13.4 9.1 5.0 2.5 4 0 2 0 0
-5405.3 -4021.2 -27.1 94 0 13.6 23.2 7.5 2.5 2 1 3 2 2
-5405.0 -3969.5 -28.6 271 0 12.1 8.2 5.0 2.5 2 0 2 5 5
-5295.4 -4137.4 -19.5 286 0 9.8 20.1 7.5 2.5 2 1 3 4 4
-5277.1 -4142.9 -19.7 285 0 8.7 22.1 7.5 2.5 4 1 3 3 3
-5225.4 -4180.7 -20.0 87 0 16.1 14.7 5.0 2.5 2 0 2 1 1
-5143.4 -3930.0 -32.9 77 0 8.9 11.7 5.0 2.5 2 1 2 2 2
-5342.0 -4098.0 -23.0 96 0 14.4 20.2 10.0 2.5 2 1 4 0 0
-5351.4 -4057.5 -24.5 183 0 11.3 19.8 12.5 2.5 2 1 5 2 2
-5324.1 -4102.4 -22.5 98 0 16.1 16.7 12.5 2.5 2 1 5 0 0
-5298.9 -4052.9 -24.6 271 0 13.6 22.9 10.0 2.5 2 1 4 1 1
-5289.6 -4110.5 -22.3 112 0 10.5 22.7 10.0 2.5 2 1 4 3 3
-5278.9 -4055.1 -24.5 273 0 11.8 18.9 5.0 2.5 4 1 2 2 2
-5257.1 -4124.2 -21.4 105 0 14.7 17.0 12.5 2.5 2 1 5 5 5
-5244.1 -4097.0 -22.4 3 0 13.3 22.0 7.5 0.0 0 1 3 2 2
-5235.0 -4072.3 -24.5 10 0 21.1 18.6 12.5 0.0 0 0 5 3 3
-5257.9 -4056.7 -24.5 273 0 8.6 22.9 7.5 0.0 0 1 3 2 2
-5215.6 -4111.8 -21.6 187 0 12.2 19.3 5.0 0.0 0 1 2 2 2
-5214.4 -4092.9 -22.9 187 0 15.9 15.7 5.0 2.5 2 0 2 4 4
-5200.9 -4057.0 -24.7 278 0 16.4 14.0 2.5 0.0 0 0 1 2 2
-5158.3 -4097.8 -22.7 9 0 13.4 23.8 15.0 0.0 0 1 6 4 4
-5158.3 -4116.3 -21.6 8 0 12.7 22.9 12.5 2.5 2 1 5 2 2
-5161.9 -4138.2 -20.4 7 0 8.5 26.1 7.5 0.0 0 1 3 3 3
-5172.6 -4170.2 -19.4 8 0 14.7 18.9 10.0 2.5 2 1 4 1 1
-5177.8 -4195.2 -20.2 99 0 14.5 17.0 7.5 2.5 2 1 3 2 2
-5151.7 -4197.5 -20.1 98 0 17.2 16.2 10.0 2.5 2 0 4 5 5
-5121.5 -4169.2 -19.2 298 0 17.0 15.2 7.5 2.5 2 0 3 3 3
-5040.0 -3883.6 -32.8 308 0 17.9 12.1 2.5 0.0 0 0 1 1 1
-5357.3 -3981.9 -28.8 182 0 18.7 12.5 7.5 0.0 0 0 3 4 4
-5327.7 -4024.6 -27.2 92 0 14.8 20.0 10.0 2.5 2 1 4 5 5
-5334.6 -3971.9 -28.9 273 0 10.2 19.9 7.5 2.5 2 1 3 5 5
-5320.6 -3972.5 -28.9 272 0 11.2 9.4 5.0 0.0 0 0 2 3 3
-5307.8 -4025.8 -27.3 93 0 14.6 21.5 7.5 2.5 2 1 3 0 0
-5302.0 -3973.6 -29.0 272 0 6.2 23.6 7.5 2.5 2 1 3 1 1
-5006.7 -3906.3 -32.2 307 0 12.4 17.2 7.5 2.5 2 1 3 1 1
-5061.1 -3895.4 -32.9 215 0 13.7 18.0 5.0 2.5 2 1 2 0 0
-5079.4 -3924.1 -33.1 216 0 16.5 8.0 5.0 2.5 2 0 2 1 1
-5090.8 -3940.6 -32.1 229 0 10.1 8.7 5.0 2.5 2 0 2 1 1
-5014.3 -3932.3 -32.2 36 0 11.0 21.4 5.0 0.0 0 1 2 0 0
-5091.2 -4000.3 -29.8 63 0 6.4 20.7 5.0 2.5 4 1 2 3 3
-5128.3 -3962.3 -30.8 245 0 19.9 10.7 5.0 2.5 2 0 2 2 2
-5145.8 -3969.9 -30.2 243 0 11.5 8.2 5.0 2.5 2 0 2 1 1
-5143.1 -4028.6 -28.1 64 0 16.5 23.4 10.0 2.5 2 1 4 5 5
-5165.3 -3979.5 -29.6 244 0 19.8 8.4 5.0 2.5 2 0 2 3 3
-5172.2 -4031.3 -27.5 96 0 19.3 18.5 7.5 2.5 2 0 3 3 3
-5185.5 -3980.1 -29.2 272 0 10.1 21.2 7.5 2.5 2 1 3 0 0
-5195.6 -4030.9 -27.7 92 0 9.1 22.3 7.5 0.0 0 1 3 3 3
-5198.4 -3979.0 -29.2 273 0 13.6 13.5 5.0 2.5 2 0 2 0 0
-5213.9 -3978.0 -29.2 273 0 13.2 12.5 5.0 2.5 2 0 2 3 3
-5228.1 -3977.1 -29.2 272 0 10.5 19.0 7.5 2.5 2 1 3 2 2
-5268.9 -4026.9 -27.4 93 0 11.3 20.4 7.5 2.5 2 1 3 5 5
-5260.0 -3977.9 -29.0 271 0 13.1 14.8 5.0 2.5 2 1 2 4 4
-5243.6 -3976.0 -29.1 273 0 13.3 20.5 10.0 2.5 2 1 4 3 3
-4856.3 -4053.9 -22.7 216 0 14.3 16.2 7.5 2.5 2 1 3 3 3
-5123.3 -4159.4 -19.6 108 0 22.7 15.7 12.5 2.5 2 0 5 3 3
-5134.1 -4127.6 -20.8 189 0 7.0 20.8 5.0 0.0 0 1 2 0 0
-5125.4 -4074.1 -24.0 187 0 6.6 19.4 5.0 2.5 2 1 2 5 5
-5027.4 -4000.4 -29.1 215 0 13.0 21.3 10.0 2.5 2 1 4 1 1
-5003.4 -3966.4 -31.1 214 0 8.6 21.5 7.5 2.5 2 1 3 0 0
-4989.8 -3952.7 -31.3 215 0 14.9 19.2 10.0 2.5 4 1 4 2 2
-4863.5 -4063.2 -22.8 216 0 9.7 21.2 7.5 0.0 0 1 3 0 0
-4877.0 -4082.5 -23.1 216 0 12.6 25.1 12.5 0.0 0 1 5 1 1
-4903.3 -4118.7 -22.2 213 0 15.4 14.0 7.5 2.5 2 0 3 2 2
-4911.1 -4127.0 -21.4 215 0 10.7 21.9 12.5 0.0 0 1 5 1 1
-4946.1 -4152.2 -20.0 174 0 10.7 13.7 7.5 0.0 0 1 3 1 1
-4962.1 -4151.7 -19.7 350 0 19.6 12.8 7.5 2.5 2 0 3 5 5
-4991.4 -4152.5 -19.4 261 0 15.7 19.3 17.5 0.0 0 1 7 4 4
-5005.9 -4153.9 -19.3 261 0 9.5 23.3 7.5 2.5 2 1 3 2 2
-5019.2 -4156.4 -19.0 262 0 10.2 26.1 12.5 2.5 2 1 5 4 4
-5044.2 -4162.0 -18.7 261 0 15.8 13.4 5.0 2.5 2 0 2 5 5
-5063.9 -4153.6 -19.1 290 0 16.9 24.4 7.5 2.5 2 1 3 4 4
-4932.3 -3969.1 -29.4 37 0 13.7 23.0 10.0 2.5 2 1 4 1 1
-4946.1 -3985.6 -30.0 37 0 11.9 28.3 12.5 2.5 2 1 5 4 4
-4971.4 -4019.5 -28.8 36 0 15.5 19.6 12.5 2.5 2 1 5 0 0
-4957.4 -4002.2 -29.6 38 0 12.8 18.3 5.0 0.0 0 1 2 4 4
-4983.6 -4033.1 -28.0 35 0 9.1 21.5 7.5 2.5 2 1 3 4 4
-5068.2 -4086.2 -24.2 24 0 15.4 20.8 10.0 2.5 2 1 4 1 1
-5075.6 -4125.2 -21.3 349 0 16.0 15.9 7.5 2.5 2 0 3 3 3
-5042.8 -4132.1 -21.6 121 0 12.7 22.6 10.0 2.5 4 1 4 0 0
-5045.1 -4110.6 -22.8 156 0 13.2 21.0 12.5 2.5 2 1 5 1 1
-5019.8 -4082.4 -23.8 244 0 10.4 24.7 12.5 2.5 2 1 5 3 3
-4996.7 -4127.6 -22.5 82 0 12.1 23.2 10.0 0.0 0 1 4 5 5
-4984.6 -4067.5 -24.8 239 0 8.8 20.8 7.5 0.0 0 1 3 0 0
-4950.8 -4119.2 -22.7 74 0 10.9 17.7 7.5 2.5 2 1 3 2 2
-4928.1 -4107.0 -23.6 39 0 10.4 22.2 10.0 0.0 0 1 4 0 0
-4916.7 -4090.3 -24.9 36 0 10.9 19.0 12.5 2.5 2 1 5 2 2
-4892.2 -4055.8 -25.4 36 0 10.2 19.1 5.0 2.5 2 1 2 5 5
-4881.0 -4041.6 -25.1 36 0 9.0 19.6 5.0 0.0 0 1 2 5 5
-4868.2 -4007.8 -24.8 305 0 13.3 15.6 5.0 2.5 2 1 2 0 0
-5076.1 -3869.0 -33.5 36 0 13.1 8.7 5.0 2.5 2 0 2 3 3
-5090.3 -3852.3 -33.9 305 0 12.7 8.9 2.5 2.5 4 0 1 2 2
-5104.3 -3844.1 -34.2 306 0 13.3 8.4 5.0 2.5 2 0 2 4 4
-5117.1 -3834.5 -34.5 303 0 11.6 7.6 5.0 2.5 2 0 2 0 0
-5133.9 -3812.2 -35.0 306 0 8.4 21.2 7.5 0.0 0 1 3 2 2
-5154.8 -3808.2 -35.4 305 0 14.3 20.8 7.5 2.5 2 1 3 1 1
-5163.7 -3796.1 -35.6 313 0 12.7 11.5 2.5 2.5 2 0 1 0 0
-5198.2 -3762.2 -36.5 313 0 11.5 11.1 5.0 2.5 2 0 2 0 0
-5221.5 -3740.0 -37.0 315 0 11.3 12.5 5.0 2.5 2 1 2 3 3
-5234.3 -3728.6 -37.3 307 0 12.4 18.6 5.0 2.5 4 1 2 5 5
-5251.0 -3710.5 -37.9 313 0 7.4 19.5 5.0 2.5 2 1 2 5 5
-5272.9 -3689.6 -38.6 312 0 7.7 11.4 5.0 0.0 0 1 2 3 3
-5345.9 -3635.2 -42.9 345 0 12.1 11.9 5.0 2.5 2 0 2 3 3
-5345.8 -3618.4 -43.3 346 0 14.4 10.4 5.0 2.5 2 0 2 5 5
-5338.6 -3589.1 -44.2 8 0 6.7 21.6 7.5 2.5 2 1 3 2 2
-5337.0 -3575.8 -44.5 9 0 8.2 20.7 5.0 2.5 2 1 2 4 4
-5332.3 -3528.4 -45.6 9 0 7.7 21.5 5.0 2.5 2 1 2 5 5
-5331.5 -3513.6 -46.0 7 0 7.3 26.0 7.5 2.5 2 1 3 0 0
-5334.5 -3497.8 -46.3 8 0 6.1 19.7 5.0 2.5 2 1 2 2 2
-5345.3 -3466.3 -47.1 109 0 13.8 12.6 2.5 0.0 0 0 1 0 0
-4680.2 -3964.7 -18.4 343 0 25.2 14.1 7.5 2.5 2 0 3 5 5
-4725.6 -3967.8 -18.3 242 0 15.7 16.1 5.0 2.5 2 1 2 4 4
-4754.0 -3982.3 -19.3 243 0 8.9 20.2 7.5 0.0 0 1 3 3 3
-4774.9 -3993.2 -19.9 243 0 12.2 19.8 7.5 2.5 2 1 3 2 2
-4788.2 -4000.8 -20.5 242 0 13.2 21.1 10.0 2.5 2 1 4 5 5
-4801.7 -4007.0 -21.1 231 0 13.7 24.0 10.0 0.0 0 1 4 5 5
-5304.0 -3425.7 -47.6 29 0 12.8 7.3 5.0 2.5 2 0 2 4 4
-5288.1 -3417.8 -47.9 29 0 12.2 21.2 7.5 0.0 0 1 3 1 1
-5285.5 -3406.6 -48.1 28 0 7.9 21.2 5.0 2.5 2 1 2 1 1
-5285.8 -3384.2 -48.1 28 0 12.5 13.3 5.0 2.5 2 1 2 0 0
-5279.6 -3371.8 -48.1 29 0 12.0 19.3 5.0 2.5 2 1 2 5 5
-5250.9 -3334.9 -48.0 30 0 11.5 9.9 5.0 0.0 0 0 2 2 2
-5301.5 -3319.0 -48.1 143 0 10.4 7.3 5.0 0.0 0 0 2 2 2
-5315.6 -3295.7 -48.1 168 0 10.1 11.3 5.0 2.5 2 1 2 0 0
-5218.9 -3307.8 -48.0 47 0 8.9 17.2 2.5 0.0 0 1 1 5 5
-5205.9 -3296.6 -48.0 54 0 13.5 22.5 7.5 2.5 2 1 3 0 0
-4421.6 -3320.4 -38.6 137 0 5.2 6.1 7.5 2.5 2 1 3 4 4
-4484.8 -3327.2 -45.2 101 0 8.0 22.4 7.5 2.5 2 1 3 4 4
-4462.8 -3332.2 -43.4 112 0 12.5 24.7 10.0 0.0 0 1 4 3 3
-4563.4 -4141.2 -18.6 3 0 84.9 25.3 12.5 0.0 0 0 5 0 0
-4558.0 -4054.7 -20.1 2 0 60.6 26.5 12.5 0.0 0 0 5 3 3
-4374.9 -3441.6 -38.8 159 0 12.4 14.9 5.0 2.5 4 1 2 2 2
-4375.6 -3458.2 -38.8 160 0 12.2 20.2 5.0 0.0 0 1 2 1 1
-4370.2 -3472.5 -38.5 151 0 11.4 10.8 5.0 0.0 0 0 2 1 1
-4352.0 -3502.0 -39.1 159 0 13.3 13.5 5.0 2.5 2 1 2 3 3
-4355.0 -3514.6 -39.2 159 0 7.7 19.2 5.0 2.5 2 1 2 0 0
-4336.8 -3545.3 -39.3 159 0 12.6 11.9 5.0 2.5 2 0 2 0 0
-4338.0 -3557.9 -39.5 158 0 7.0 20.9 5.0 2.5 2 1 2 1 1
-4326.7 -3590.6 -39.3 160 0 12.1 10.8 5.0 2.5 2 0 2 1 1
-4315.9 -3608.1 -39.4 156 0 11.7 10.1 7.5 2.5 2 0 3 3 3
-4309.5 -3634.5 -36.4 161 0 7.8 15.9 5.0 2.5 2 1 2 3 3
-4314.0 -3736.9 -34.9 197 0 11.5 9.3 5.0 2.5 2 0 2 2 2
-4321.3 -3753.4 -34.6 196 0 9.2 15.7 2.5 2.5 2 1 1 5 5
-4324.2 -3767.2 -34.3 199 0 11.7 11.2 5.0 2.5 4 0 2 5 5
-4325.7 -3781.2 -33.7 199 0 14.1 22.2 10.0 2.5 2 1 4 1 1
-4328.9 -3799.8 -32.7 215 0 7.8 17.5 5.0 2.5 2 1 2 0 0
-4354.0 -3815.6 -31.7 231 0 20.8 12.3 5.0 2.5 4 0 2 2 2
-4369.4 -3826.3 -30.7 234 0 11.5 11.1 5.0 2.5 4 0 2 3 3
-4385.5 -3836.2 -29.9 234 0 10.5 23.3 5.0 2.5 4 1 2 3 3
-4416.8 -3863.8 -28.0 233 0 11.2 19.5 5.0 2.5 4 1 2 5 5
-4433.5 -3866.7 -27.3 289 0 14.7 10.1 5.0 2.5 2 0 2 2 2
-4446.1 -3859.7 -27.2 288 0 8.8 16.3 5.0 0.0 0 1 2 5 5
-4422.6 -3934.4 -25.6 27 0 24.6 13.9 15.0 0.0 0 0 6 4 4
-4461.3 -3967.1 -23.6 289 0 13.2 22.7 7.5 2.5 2 1 3 1 1
-4430.6 -3910.4 -25.9 17 0 10.4 10.1 5.0 2.5 2 0 2 2 2
-4494.9 -3926.3 -24.2 107 0 10.9 16.2 7.5 2.5 2 1 3 5 5
-4575.4 -3962.1 -21.1 258 0 18.7 13.4 7.5 2.5 2 0 3 0 0
-4576.4 -3981.5 -20.6 169 0 5.4 6.5 7.5 0.0 0 1 3 2 2
-4593.4 -3925.9 -21.2 291 0 14.1 11.8 5.0 2.5 2 0 2 4 4
-4589.8 -3899.6 -22.8 95 0 11.1 22.3 5.0 2.5 2 1 2 1 1
-4478.9 -3850.1 -26.7 285 0 11.3 10.0 5.0 2.5 2 0 2 3 3
-4649.8 -3793.7 -23.7 289 0 9.7 15.1 5.0 2.5 2 1 2 3 3
-4638.4 -3797.8 -24.0 288 0 9.6 15.6 5.0 2.5 2 1 2 3 3
-4663.9 -3813.7 -22.9 197 0 7.7 7.8 2.5 2.5 2 1 1 3 3
-4634.0 -3826.8 -23.5 109 0 8.6 6.2 5.0 2.5 2 0 2 2 2
-4609.5 -3806.0 -24.7 287 0 11.3 14.3 7.5 2.5 2 1 3 4 4
-4550.8 -3827.5 -25.6 289 0 13.2 8.4 5.0 2.5 2 0 2 4 4
-4575.9 -3817.7 -25.2 286 0 7.4 18.5 5.0 2.5 2 1 2 3 3
-4609.1 -3772.3 -26.6 110 0 10.3 24.9 12.5 0.0 0 1 5 0 0
-4566.0 -3772.5 -27.2 114 0 5.0 6.6 5.0 2.5 2 1 2 3 3
-4544.9 -3736.8 -28.7 292 0 9.5 14.8 5.0 2.5 2 1 2 2 2
-4513.7 -3753.1 -29.3 21 0 9.8 9.6 5.0 2.5 2 0 2 4 4
-4501.8 -3802.9 -28.2 93 0 10.9 10.4 5.0 2.5 4 0 2 1 1
-4462.3 -3818.9 -28.7 111 0 11.1 10.6 5.0 0.0 0 0 2 3 3
-4449.0 -3824.2 -29.1 110 0 8.4 15.5 5.0 2.5 2 1 2 5 5
-4392.1 -3807.6 -30.7 39 0 5.8 7.2 5.0 2.5 2 1 2 3 3
-4430.5 -3773.1 -30.8 291 0 11.5 12.7 5.0 2.5 2 1 2 0 0
-4454.4 -3765.4 -30.4 291 0 7.6 21.1 7.5 2.5 2 1 3 0 0
-4485.6 -3756.1 -29.9 292 0 8.4 14.9 5.0 2.5 2 1 2 4 4
-4597.4 -3685.7 -29.0 107 0 23.6 10.7 12.5 2.5 2 0 5 2 2
-4571.7 -3633.4 -30.8 287 0 11.0 8.2 5.0 2.5 2 0 2 3 3
-4550.9 -3698.5 -30.0 108 0 13.2 9.2 5.0 2.5 2 0 2 5 5
-4533.8 -3701.5 -30.5 107 0 10.3 10.5 5.0 2.5 2 1 2 1 1
-4525.0 -3686.5 -30.8 19 0 7.0 10.2 5.0 2.5 2 1 2 5 5
-4513.0 -3701.9 -30.8 16 0 10.1 13.1 5.0 0.0 0 1 2 5 5
-4501.3 -3710.4 -31.0 17 0 10.3 9.6 5.0 2.5 2 0 2 5 5
-4458.7 -3672.8 -33.4 287 0 12.4 18.7 5.0 0.0 0 1 2 1 1
-4443.5 -3677.3 -33.7 288 0 11.8 15.9 5.0 2.5 2 1 2 3 3
-4448.0 -3734.3 -32.4 107 0 9.8 15.1 5.0 2.5 2 1 2 4 4
-4416.9 -3744.1 -32.9 106 0 12.3 14.3 7.5 2.5 2 1 3 5 5
-4366.8 -3727.1 -34.3 16 0 7.1 4.6 7.5 2.5 2 0 3 5 5
-4354.9 -3707.1 -35.3 288 0 7.6 13.8 5.0 2.5 2 1 2 4 4
-4363.8 -3764.0 -33.9 107 0 6.5 20.7 7.5 2.5 2 1 3 0 0
-4343.7 -3721.2 -35.4 17 0 17.4 9.0 5.0 2.5 4 0 2 2 2
-4604.8 -3716.8 -27.4 291 0 12.4 23.8 10.0 2.5 2 1 4 3 3
-4594.2 -3741.6 -26.9 289 0 6.0 5.9 7.5 0.0 0 0 3 3 3
-4548.7 -3584.5 -32.5 199 0 13.3 9.8 2.5 2.5 2 0 1 0 0
-4541.3 -3570.7 -32.8 196 0 12.9 8.3 5.0 2.5 4 0 2 3 3
-4502.8 -3566.4 -33.6 290 0 10.1 19.0 7.5 2.5 2 1 3 2 2
-4446.2 -3590.5 -35.3 201 0 9.5 11.8 2.5 2.5 2 1 1 1 1
-4412.0 -3653.4 -36.0 111 0 8.0 16.0 5.0 2.5 2 1 2 1 1
-4400.2 -3656.5 -36.2 110 0 13.5 12.2 5.0 2.5 4 0 2 5 5
-4497.2 -3534.7 -34.2 110 0 13.5 13.0 5.0 2.5 2 0 2 2 2
-4510.4 -3504.6 -34.0 214 0 7.2 13.5 5.0 0.0 0 1 2 1 1
-4473.1 -3478.6 -35.2 199 0 17.8 12.2 5.0 2.5 2 0 2 4 4
-4486.1 -3474.9 -34.7 197 0 15.8 6.8 5.0 2.5 2 0 2 3 3
-4485.1 -3458.2 -35.4 179 0 10.8 29.0 10.0 0.0 0 1 4 2 2
-4486.1 -3441.6 -35.3 179 0 12.4 22.3 7.5 2.5 2 1 3 4 4
-4489.7 -3359.9 -38.8 262 0 12.9 16.3 7.5 2.5 2 1 3 0 0
-4437.8 -3537.9 -35.7 101 0 6.4 12.9 7.5 2.5 2 1 3 4 4
-4399.4 -3566.8 -36.7 108 0 14.9 10.4 5.0 2.5 2 0 2 0 0
-4374.5 -3579.9 -37.4 128 0 15.4 9.3 5.0 2.5 2 0 2 0 0
-4378.1 -3550.4 -37.1 332 0 14.0 10.1 5.0 2.5 2 0 2 4 4
-4393.3 -3504.3 -36.8 342 0 6.7 18.3 7.5 2.5 2 1 3 0 0
-4420.6 -3440.0 -36.4 340 0 10.4 13.5 5.0 2.5 2 1 2 4 4
-4423.6 -3424.4 -36.4 340 0 9.5 20.5 5.0 2.5 2 1 2 3 3
-4432.9 -3413.2 -36.2 328 0 13.5 10.4 5.0 2.5 2 0 2 3 3
-4442.3 -3400.5 -36.0 324 0 12.0 21.8 7.5 2.5 2 1 3 0 0
-4453.2 -3386.7 -35.8 323 0 15.9 13.2 5.0 2.5 2 0 2 3 3
-4463.3 -3374.1 -35.6 319 0 12.6 9.6 5.0 0.0 0 0 2 5 5
-4473.7 -3362.3 -36.9 265 0 5.5 7.5 7.5 2.5 4 1 3 5 5
-4852.2 -3986.2 -24.1 124 0 10.6 13.2 7.5 2.5 2 1 3 4 4
-4869.1 -3973.7 -25.1 126 0 7.8 21.7 7.5 2.5 2 1 3 2 2
-4901.1 -3949.7 -27.2 127 0 7.3 21.3 5.0 2.5 2 1 2 2 2
-4777.3 -3919.7 -22.4 359 0 19.7 15.9 12.5 2.5 2 0 5 2 2
-4798.4 -3911.1 -23.0 270 0 7.3 23.4 5.0 2.5 2 1 2 4 4
-4823.6 -3923.4 -23.8 261 0 11.9 21.1 5.0 0.0 0 1 2 0 0
-4836.4 -3922.2 -24.7 263 0 7.3 22.7 7.5 0.0 0 1 3 4 4
-4870.0 -3890.7 -27.7 305 0 18.9 16.7 15.0 0.0 0 0 6 0 0
-4954.9 -3910.2 -30.9 126 0 12.7 23.0 10.0 2.5 2 1 4 0 0
-4792.2 -3888.9 -23.9 91 0 20.2 15.1 12.5 2.5 2 0 5 5 5
-4781.4 -3859.3 -24.2 2 0 15.5 14.5 7.5 2.5 2 0 3 5 5
-4947.2 -3827.2 -31.0 215 0 10.4 24.3 10.0 2.5 2 1 4 3 3
-4871.0 -3877.8 -27.9 118 0 18.5 14.6 12.5 2.5 2 0 5 1 1
-4907.1 -3855.7 -30.5 34 0 12.4 21.8 5.0 2.5 2 1 2 1 1
-4940.0 -3809.8 -31.0 205 0 7.5 21.3 7.5 2.5 2 1 3 3 3
-4921.4 -3771.1 -30.9 242 0 12.3 25.1 7.5 2.5 2 1 3 0 0
-4794.8 -3818.1 -25.7 296 0 7.3 21.1 5.0 2.5 2 1 2 0 0
-4904.9 -3827.3 -30.4 62 0 15.0 18.8 7.5 0.0 0 1 3 3 3
-4893.2 -3833.4 -30.0 116 0 8.3 27.3 7.5 0.0 0 1 3 5 5
-4873.4 -3841.3 -28.8 138 0 12.1 23.5 12.5 0.0 0 1 5 2 2
-4812.8 -3809.3 -26.9 296 0 8.1 18.6 5.0 2.5 4 1 2 2 2
-5053.4 -3835.7 -33.1 214 0 10.7 9.1 7.5 0.0 0 0 3 4 4
-4834.3 -3800.1 -28.0 296 0 13.1 21.0 7.5 0.0 0 1 3 5 5
-4753.3 -3898.9 -20.9 181 0 18.8 23.8 12.5 2.5 4 1 5 3 3
-4698.3 -3927.1 -18.9 73 0 18.0 15.7 7.5 2.5 2 0 3 5 5
-4700.2 -3862.0 -20.3 1 0 18.5 21.0 7.5 2.5 2 1 3 3 3
-4750.7 -3829.3 -22.6 180 0 11.8 21.6 5.0 0.0 0 1 2 4 4
-4751.0 -3807.0 -23.5 133 0 13.1 33.3 12.5 2.5 2 1 5 2 2
-4690.0 -3790.1 -22.8 9 0 10.7 16.5 5.0 2.5 2 1 2 2 2
-4765.6 -3794.9 -24.4 135 0 9.0 22.0 7.5 2.5 2 1 3 1 1
-4851.0 -3761.6 -29.5 116 0 6.5 22.4 7.5 2.5 2 1 3 1 1
-4868.6 -3752.8 -29.9 117 0 7.6 21.5 5.0 2.5 2 1 2 1 1
-4883.8 -3745.8 -30.3 125 0 12.8 26.1 10.0 2.5 2 1 4 0 0
-4898.7 -3731.4 -30.7 106 0 12.0 21.8 5.0 2.5 2 1 2 5 5
-4916.5 -3722.3 -31.1 82 0 8.9 22.5 7.5 0.0 0 1 3 4 4
-4926.2 -3742.8 -31.4 58 0 6.5 20.6 5.0 2.5 2 1 2 2 2
-4984.1 -3831.6 -32.1 36 0 13.4 21.2 10.0 0.0 0 1 4 5 5
-4953.8 -3772.2 -31.9 20 0 12.3 23.6 10.0 0.0 0 1 4 0 0
-4949.5 -3760.5 -31.9 21 0 9.1 25.1 7.5 0.0 0 1 3 3 3
-4678.7 -3746.9 -24.1 357 0 10.8 12.3 5.0 2.5 2 1 2 4 4
-4700.5 -3740.9 -23.6 270 0 11.9 11.2 5.0 2.5 2 0 2 0 0
-4710.8 -3741.5 -23.2 270 0 7.2 12.7 5.0 2.5 2 1 2 0 0
-4729.6 -3741.6 -24.2 271 0 12.2 11.7 5.0 2.5 2 0 2 3 3
-4759.3 -3751.1 -25.4 271 0 10.3 9.3 5.0 2.5 2 0 2 0 0
-4785.6 -3728.5 -27.7 295 0 8.4 16.6 5.0 2.5 2 1 2 0 0
-4803.8 -3725.1 -28.6 295 0 14.1 11.3 7.5 2.5 2 0 3 1 1
-4811.9 -3715.7 -29.2 294 0 8.7 22.2 7.5 2.5 2 1 3 5 5
-4842.7 -3701.8 -29.9 295 0 11.7 13.8 5.0 2.5 2 1 2 3 3
-4921.4 -3667.9 -31.4 275 0 7.0 13.8 2.5 2.5 2 1 1 3 3
-4939.6 -3669.6 -31.8 260 0 9.8 22.0 2.5 2.5 2 1 1 5 5
-5034.6 -3804.6 -32.9 211 0 9.0 28.8 7.5 2.5 2 1 3 3 3
-5019.8 -3781.0 -32.7 202 0 12.7 15.1 5.0 2.5 2 1 2 5 5
-5002.5 -3737.5 -32.6 202 0 9.4 18.2 5.0 2.5 2 1 2 5 5
-4991.8 -3732.9 -32.4 201 0 3.4 12.1 5.0 0.0 0 1 2 4 4
-5278.8 -3625.9 -41.9 12 0 10.8 10.7 5.0 2.5 2 0 2 5 5
-5306.8 -3596.9 -43.2 189 0 12.6 13.2 5.0 2.5 2 1 2 3 3
-5266.9 -3602.5 -42.3 20 0 12.3 13.2 5.0 2.5 2 1 2 2 2
-5298.7 -3571.8 -43.9 191 0 7.8 14.7 5.0 2.5 2 1 2 4 4
-5299.6 -3561.4 -44.2 192 0 10.8 13.2 5.0 2.5 2 1 2 4 4
-5247.6 -3555.3 -43.7 15 0 11.5 12.1 5.0 2.5 2 1 2 2 2
-5298.1 -3530.8 -44.9 192 0 10.7 17.6 5.0 2.5 2 1 2 5 5
-5243.2 -3537.8 -44.4 21 0 13.9 13.8 5.0 2.5 2 0 2 5 5
-5292.7 -3516.5 -45.2 192 0 13.0 18.5 2.5 2.5 2 1 1 5 5
-5291.2 -3485.3 -45.9 211 0 10.8 16.8 2.5 2.5 2 1 1 5 5
-5267.7 -3477.6 -46.0 293 0 16.6 7.2 2.5 2.5 2 0 1 3 3
-5255.9 -3666.8 -38.9 147 0 9.1 15.3 5.0 2.5 2 1 2 2 2
-5214.3 -3690.1 -37.2 41 0 10.7 9.7 2.5 2.5 2 0 1 0 0
-5248.1 -3639.9 -39.6 221 0 12.2 19.2 7.5 2.5 2 1 3 1 1
-5224.5 -3585.2 -41.4 200 0 11.3 9.4 5.0 2.5 2 0 2 1 1
-5180.1 -3622.3 -39.5 21 0 8.3 19.6 5.0 2.5 2 1 2 0 0
-5174.0 -3606.2 -39.6 22 0 11.4 11.0 5.0 2.5 4 0 2 1 1
-5202.4 -3529.7 -43.0 197 0 12.5 15.8 5.0 2.5 2 1 2 0 0
-5180.6 -3499.1 -43.8 291 0 12.9 11.3 5.0 2.5 2 0 2 0 0
-5075.3 -3814.0 -34.0 36 0 14.7 20.1 5.0 2.5 4 1 2 5 5
-5130.9 -3772.3 -34.9 225 0 11.7 9.2 5.0 0.0 0 0 2 1 1
-5049.8 -3767.5 -33.5 22 0 6.8 10.5 5.0 2.5 2 1 2 0 0
-5090.3 -3715.5 -34.4 202 0 13.9 18.0 10.0 2.5 2 1 4 1 1
-5083.1 -3702.1 -34.3 201 0 12.1 13.0 2.5 2.5 4 1 1 3 3
-5031.1 -3720.0 -33.6 21 0 12.6 19.6 5.0 2.5 4 1 2 5 5
-5054.6 -3679.9 -33.9 202 0 13.0 8.9 5.0 2.5 2 0 2 1 1
-5030.1 -3623.9 -35.2 323 0 12.7 14.9 10.0 2.5 4 1 4 5 5
-5194.5 -3714.4 -36.5 224 0 10.8 10.9 2.5 2.5 2 1 1 1 1
-5142.6 -3738.0 -35.5 46 0 9.8 8.6 5.0 0.0 0 0 2 3 3
-5171.6 -3688.8 -36.1 214 0 10.6 20.9 2.5 2.5 2 1 1 5 5
-5165.8 -3673.4 -36.1 201 0 7.5 16.6 5.0 2.5 2 1 2 4 4
-5118.5 -3697.2 -35.2 20 0 12.1 10.5 5.0 2.5 2 0 2 1 1
-5111.6 -3686.6 -35.3 20 0 7.1 18.8 5.0 2.5 2 1 2 0 0
-5159.4 -3662.0 -36.4 202 0 8.2 12.6 5.0 0.0 0 1 2 2 2
-5143.6 -3621.1 -37.7 202 0 13.0 8.4 5.0 2.5 2 0 2 3 3
-5093.4 -3641.3 -35.9 21 0 13.4 10.9 5.0 2.5 4 0 2 1 1
-5137.3 -3607.2 -38.1 203 0 13.5 10.2 7.5 2.5 2 0 3 3 3
-5098.1 -3565.9 -38.7 292 0 8.4 14.1 5.0 2.5 2 1 2 3 3
-5094.2 -3555.9 -39.0 294 0 6.6 9.6 7.5 2.5 2 1 3 0 0
-4897.6 -3634.3 -31.2 92 0 10.0 10.2 5.0 2.5 4 1 2 0 0
-4891.4 -3602.5 -32.1 347 0 7.9 10.2 5.0 2.5 2 1 2 1 1
-4910.0 -3580.2 -33.0 274 0 12.1 21.6 5.0 2.5 2 1 2 1 1
-4907.4 -3619.4 -31.6 94 0 8.1 8.4 2.5 2.5 2 1 1 5 5
-4926.3 -3634.2 -32.0 95 0 12.8 17.6 5.0 2.5 2 1 2 5 5
-4942.5 -3635.3 -32.2 80 0 11.0 14.7 5.0 2.5 2 1 2 3 3
-4970.2 -3583.5 -34.5 270 0 8.9 12.9 5.0 2.5 2 1 2 3 3
-4986.1 -3574.6 -35.2 266 0 8.6 31.5 7.5 0.0 0 1 3 3 3
-5002.0 -3577.2 -35.5 255 0 7.5 26.3 7.5 2.5 2 1 3 0 0
-5034.1 -3605.2 -35.7 131 0 13.8 13.2 5.0 2.5 2 0 2 3 3
-4649.8 -3674.3 -27.2 2 0 12.5 10.9 5.0 2.5 2 0 2 4 4
-4677.0 -3704.8 -25.8 90 0 8.9 15.2 5.0 0.0 0 1 2 1 1
-4675.5 -3654.8 -26.9 269 0 13.1 8.6 5.0 2.5 2 0 2 1 1
-4690.3 -3654.7 -26.4 268 0 11.9 11.9 5.0 2.5 2 0 2 2 2
-4706.6 -3654.9 -25.9 271 0 10.6 10.4 5.0 2.5 2 0 2 4 4
-4722.2 -3708.2 -25.0 90 0 10.2 12.1 5.0 0.0 0 1 2 3 3
-4785.8 -3694.0 -28.5 115 0 8.8 19.7 5.0 2.5 2 1 2 0 0
-4798.9 -3686.4 -28.9 110 0 7.7 12.7 5.0 2.5 2 1 2 2 2
-4770.4 -3621.4 -28.9 341 0 11.5 16.9 7.5 2.5 2 1 3 0 0
-4780.7 -3608.0 -29.1 341 0 10.6 7.6 2.5 2.5 2 0 1 0 0
-4783.0 -3590.7 -29.4 341 0 13.1 11.4 7.5 2.5 2 0 3 5 5
-4843.8 -3612.3 -30.1 161 0 11.0 14.3 5.0 2.5 2 1 2 5 5
-4841.4 -3580.2 -31.3 159 0 12.7 10.1 5.0 0.0 0 0 2 3 3
-4858.3 -3570.7 -32.1 161 0 11.4 10.9 5.0 2.5 2 0 2 3 3
-4863.3 -3554.9 -32.9 160 0 12.0 7.7 5.0 2.5 2 0 2 3 3
-4791.3 -3562.7 -30.8 340 0 11.6 13.4 5.0 2.5 2 1 2 5 5
-4819.6 -3554.1 -31.8 341 0 9.2 6.2 7.5 2.5 2 0 3 4 4
-4831.2 -3527.7 -33.3 342 0 14.0 6.2 5.0 2.5 2 0 2 4 4
-4858.5 -3504.1 -34.9 162 0 11.3 6.4 5.0 2.5 2 0 2 5 5
-4889.0 -3482.9 -36.6 161 0 11.2 8.8 5.0 2.5 2 0 2 4 4
-4895.5 -3468.4 -37.3 160 0 10.0 14.7 5.0 2.5 2 1 2 2 2
-4821.8 -3475.6 -37.8 339 0 13.0 12.2 5.0 2.5 2 0 2 0 0
-4831.6 -3449.6 -41.3 341 0 9.2 20.5 7.5 0.0 0 1 3 3 3
-4842.6 -3418.3 -45.0 341 0 9.2 17.7 5.0 2.5 4 1 2 3 3
-4928.3 -3416.9 -41.7 166 0 10.5 9.0 7.5 2.5 2 0 3 3 3
-4935.2 -3386.2 -45.8 260 0 33.5 10.6 15.0 0.0 0 0 6 4 4
-4859.4 -3402.5 -46.3 263 0 12.0 16.1 12.5 2.5 2 1 5 4 4
-4870.1 -3391.1 -47.3 298 0 13.9 7.8 5.0 2.5 2 0 2 5 5
-4622.2 -3566.5 -30.4 269 0 8.1 10.6 5.0 2.5 2 1 2 4 4
-4641.2 -3620.1 -29.3 89 0 10.4 14.6 5.0 2.5 2 1 2 5 5
-4656.5 -3621.0 -28.8 89 0 10.8 13.9 7.5 2.5 2 1 3 3 3
-4668.8 -3587.4 -28.9 273 0 8.0 4.6 5.0 2.5 2 0 2 1 1
-4655.8 -3584.5 -29.4 269 0 7.3 4.2 5.0 0.0 0 0 2 5 5
-4698.9 -3621.6 -27.6 89 0 8.9 21.7 5.0 2.5 2 1 2 0 0
-4716.0 -3566.8 -28.5 270 0 13.8 10.1 5.0 2.5 2 0 2 4 4
-4743.6 -3560.8 -29.3 268 0 16.2 15.9 10.0 2.5 2 0 4 0 0
-4544.4 -3478.1 -33.0 271 0 12.5 8.6 5.0 2.5 2 0 2 3 3
-4547.8 -3500.6 -32.6 359 0 9.5 7.5 2.5 2.5 2 0 1 4 4
-4561.0 -3525.3 -32.3 91 0 7.4 16.8 2.5 2.5 2 1 1 2 2
-4573.8 -3479.2 -32.2 269 0 15.0 22.4 10.0 2.5 2 1 4 4 4
-4585.9 -3478.8 -31.8 269 0 7.8 26.5 7.5 2.5 2 1 3 0 0
-4604.6 -3534.5 -31.2 90 0 13.9 16.0 5.0 2.5 2 1 2 2 2
-4606.9 -3480.8 -31.9 268 0 11.5 18.2 5.0 2.5 2 1 2 5 5
-4615.8 -3478.9 -32.9 270 0 8.2 13.7 5.0 2.5 2 1 2 3 3
-4634.4 -3533.7 -30.3 88 0 12.3 9.5 5.0 2.5 2 0 2 3 3
-4635.8 -3479.9 -34.7 269 0 11.7 8.8 7.5 0.0 0 0 3 0 0
-4647.7 -3517.7 -31.6 90 0 8.4 8.9 7.5 2.5 2 1 3 3 3
-4665.7 -3534.2 -31.9 90 0 9.7 15.9 7.5 2.5 2 1 3 4 4
-4680.5 -3533.2 -32.9 90 0 11.1 12.7 5.0 2.5 2 1 2 5 5
-4694.7 -3478.0 -40.0 270 0 11.4 21.8 12.5 2.5 2 1 5 2 2
-4684.9 -3478.7 -38.8 270 0 13.7 16.5 7.5 2.5 2 1 3 3 3
-4711.8 -3475.7 -41.8 265 0 13.2 24.3 10.0 2.5 2 1 4 5 5
-4710.2 -3534.1 -34.7 91 0 9.3 10.9 7.5 2.5 2 1 3 3 3
-4776.6 -3509.0 -36.1 156 0 10.5 10.3 7.5 2.5 2 0 3 0 0
-4781.3 -3497.5 -38.0 157 0 15.1 14.5 5.0 2.5 4 0 2 1 1
-4792.4 -3464.6 -42.4 158 0 12.5 16.9 7.5 2.5 4 1 3 2 2
-4734.8 -3460.3 -43.9 295 0 6.4 25.8 7.5 2.5 2 1 3 5 5
-4753.6 -3451.9 -44.2 294 0 15.8 16.6 12.5 2.5 2 1 5 1 1
-4769.6 -3442.6 -44.8 295 0 18.3 13.7 7.5 2.5 2 0 3 3 3
-5071.5 -3564.7 -38.4 136 0 15.0 16.4 15.0 0.0 0 1 6 2 2
-5055.9 -3554.2 -38.2 140 0 8.6 17.0 5.0 2.5 4 1 2 3 3
-5014.5 -3541.2 -37.8 72 0 8.4 10.4 5.0 0.0 0 1 2 1 1
-4932.5 -3546.6 -36.0 93 0 12.6 22.2 10.0 2.5 2 1 4 4 4
-4916.1 -3547.1 -35.1 77 0 8.7 13.9 5.0 2.5 2 1 2 1 1
-4943.6 -3493.3 -37.5 273 0 8.5 12.7 5.0 2.5 2 1 2 4 4
-4975.7 -3488.2 -38.6 273 0 11.1 12.8 5.0 2.5 2 1 2 5 5
-4990.5 -3492.3 -38.8 276 0 12.0 13.6 5.0 2.5 2 1 2 2 2
-5001.8 -3486.0 -39.3 270 0 8.1 17.0 5.0 2.5 2 1 2 4 4
-5036.0 -3488.1 -40.2 255 0 11.6 9.0 5.0 2.5 2 0 2 5 5
-5054.5 -3486.2 -40.7 243 0 10.7 29.7 17.5 0.0 0 1 7 5 5
-5063.3 -3489.4 -40.8 242 0 7.2 23.0 7.5 2.5 2 1 3 3 3
-5081.2 -3491.0 -41.2 236 0 7.3 25.7 7.5 2.5 2 1 3 1 1
-5070.4 -3538.1 -39.2 134 0 7.8 6.6 2.5 2.5 2 0 1 2 2
-5104.7 -3542.0 -40.3 123 0 14.4 11.1 5.0 2.5 2 0 2 5 5
-5140.2 -3506.9 -42.8 108 0 11.4 13.6 5.0 2.5 2 1 2 5 5
-5179.1 -3492.6 -44.4 109 0 10.1 14.1 5.0 2.5 2 1 2 3 3
-5125.7 -3493.0 -43.5 42 0 7.1 21.8 7.5 2.5 2 1 3 3 3
-5163.6 -3437.7 -45.7 221 0 5.7 27.1 7.5 2.5 2 1 3 5 5
-5158.0 -3424.9 -46.0 229 0 9.5 17.4 5.0 2.5 2 1 2 5 5
-4979.9 -3408.6 -42.5 4 0 9.5 15.4 5.0 2.5 2 1 2 5 5
-4966.5 -3427.1 -41.4 0 0 8.4 18.1 5.0 2.5 2 1 2 2 2
-4991.7 -3453.5 -40.8 95 0 12.0 9.4 5.0 2.5 2 0 2 3 3
-5007.0 -3451.8 -41.7 94 0 13.9 16.8 7.5 2.5 2 1 3 1 1
-5018.6 -3398.9 -43.4 274 0 11.2 9.7 5.0 2.5 2 0 2 4 4
-5038.0 -3443.2 -42.6 96 0 11.7 14.8 5.0 2.5 2 1 2 1 1
-5070.3 -3449.7 -43.2 73 0 14.4 10.3 5.0 2.5 2 0 2 2 2
-5084.6 -3460.0 -43.3 71 0 12.0 13.2 5.0 0.0 0 1 2 5 5
-5137.3 -3404.9 -46.3 237 0 11.3 11.5 5.0 2.5 2 1 2 5 5
-5094.9 -3432.4 -44.5 67 0 10.9 10.1 7.5 2.5 2 0 3 0 0
-5255.0 -3428.0 -47.0 204 0 8.2 15.4 5.0 0.0 0 1 2 5 5
-5207.5 -3451.4 -46.3 23 0 11.8 14.8 5.0 2.5 2 1 2 3 3
-5202.2 -3437.0 -46.4 22 0 8.2 9.3 2.5 2.5 2 1 1 1 1
-5247.7 -3397.8 -47.6 202 0 7.1 21.7 5.0 0.0 0 1 2 1 1
-5243.7 -3387.7 -47.9 200 0 12.5 10.5 5.0 2.5 2 0 2 1 1
-5196.1 -3420.1 -46.9 21 0 9.5 13.0 5.0 2.5 2 1 2 1 1
-5203.7 -3333.6 -48.0 225 0 8.3 24.7 5.0 0.0 0 1 2 4 4
-5154.2 -3371.7 -47.7 51 0 13.0 11.4 2.5 2.5 2 0 1 3 3
-5151.3 -3304.4 -47.9 258 0 13.2 15.8 2.5 2.5 2 1 1 0 0
-5126.5 -3342.2 -47.9 80 0 12.7 8.4 2.5 2.5 2 0 1 3 3
-5159.8 -3334.2 -47.9 250 0 5.0 7.4 2.5 2.5 2 1 1 3 3
-5130.2 -3321.9 -47.9 269 0 6.5 7.9 5.0 2.5 2 1 2 2 2
-5108.0 -3360.0 -47.8 80 0 12.6 20.6 7.5 2.5 2 1 3 1 1
-5073.8 -3340.8 -47.4 275 0 14.0 19.7 10.0 2.5 2 1 4 1 1
-5005.4 -3346.7 -47.0 275 0 14.3 21.0 10.0 0.0 0 1 4 4 4
-4525.3 -3402.7 -36.8 350 0 8.8 9.9 7.5 2.5 4 1 3 0 0
-4528.7 -3374.2 -40.7 339 0 8.0 11.7 7.5 2.5 2 1 3 0 0
-4548.0 -3449.2 -34.8 87 0 6.7 24.4 5.0 2.5 4 1 2 2 2
-4551.1 -3380.5 -41.2 263 0 12.6 13.4 7.5 2.5 4 1 3 2 2
-4577.5 -3448.3 -36.5 87 0 6.6 21.7 7.5 0.0 0 1 3 2 2
-4593.7 -3394.5 -42.8 261 0 11.1 9.2 7.5 2.5 2 0 3 5 5
-4623.3 -3395.7 -45.2 268 0 12.2 12.8 7.5 2.5 2 1 3 1 1
-4653.5 -3401.3 -46.9 269 0 10.9 12.7 7.5 2.5 2 1 3 1 1
-4665.2 -3448.3 -42.9 91 0 11.4 11.8 5.0 2.5 2 1 2 4 4
-6264.3 -3594.8 -47.8 128 0 8.1 16.7 5.0 2.5 4 1 2 0 0
491.2 -5542.0 -28.3 104 0 5.9 6.9 7.5 2.5 2 1 3 0 0
496.3 -5520.3 -28.4 279 0 4.8 12.4 5.0 2.5 2 1 2 2 2
2863.7 -8970.6 -23.7 101 0 9.0 23.8 7.5 2.5 2 1 3 3 3
