-242.9 -9687.9 -28.2 189 0 46.9 187.9 7.5 0.0 0 1 3 0 0
62.0 -9712.7 -27.3 280 0 184.5 47.6 12.5 0.0 0 0 5 4 4
119.7 -9862.3 -34.5 9 0 129.5 418.7 7.5 0.0 0 1 3 5 5
227.3 -9746.0 -30.3 10 0 116.7 57.8 12.5 0.0 0 0 5 2 2
5310.8 1977.5 -37.4 309 0 29.8 17.1 7.5 2.5 2 0 3 4 4
-319.8 -11489.3 -44.1 76 0 50.6 71.2 12.5 0.0 0 1 5 2 2
-247.3 -11383.0 -44.5 267 0 44.5 49.7 12.5 0.0 0 1 5 0 0
-419.5 -11434.2 -43.7 223 0 10.5 17.9 8.0 2.5 2 1 2 4 4
6089.1 -5620.8 -43.4 96 0 6.4 6.3 5.0 2.5 4 0 2 5 5
6032.8 -5692.8 -39.3 223 0 12.7 9.2 7.5 2.5 2 0 3 5 5
6022.8 -5710.4 -39.1 201 0 9.9 12.2 7.5 2.5 2 1 3 3 3
6022.5 -5724.6 -38.3 198 0 12.0 18.3 5.0 2.5 2 1 2 1 1
6016.7 -5735.1 -38.0 202 0 7.3 19.9 7.5 2.5 2 1 3 0 0
6007.8 -5748.3 -37.9 205 0 12.0 9.9 7.5 2.5 2 0 3 0 0
6001.2 -5762.6 -37.6 203 0 10.5 12.4 5.0 0.0 0 1 2 4 4
5988.7 -5800.7 -35.4 203 0 12.9 12.2 7.5 2.5 4 0 3 1 1
5979.1 -5814.0 -35.0 200 0 11.4 15.4 7.5 2.5 2 1 3 1 1
5958.9 -5863.1 -32.0 202 0 12.3 16.2 7.5 2.5 4 1 3 1 1
5951.5 -5876.0 -31.2 200 0 9.7 14.7 7.5 2.5 2 1 3 4 4
5874.3 -5927.4 -30.6 194 0 12.3 16.4 10.0 2.5 2 1 4 4 4
5892.1 -5863.3 -36.0 209 0 12.5 14.8 7.5 2.5 2 1 3 2 2
5922.9 -5874.5 -33.7 20 0 11.5 6.1 7.5 0.0 0 0 3 2 2
5856.7 -5870.9 -39.6 10 0 7.0 21.9 7.5 2.5 2 1 3 2 2
5861.0 -5855.7 -40.1 9 0 6.6 18.7 7.5 2.5 2 1 3 3 3
5866.4 -5841.6 -40.8 12 0 7.9 14.6 7.5 2.5 2 1 3 0 0
5866.8 -5825.8 -41.6 13 0 12.5 16.2 5.0 2.5 2 1 2 2 2
5871.1 -5762.5 -43.2 291 0 14.4 15.2 7.5 2.5 2 1 3 3 3
5560.5 -5970.0 -24.9 129 0 11.6 17.9 10.0 2.5 2 1 4 3 3
5461.0 -6156.0 -22.6 262 0 13.1 21.9 15.0 0.0 0 1 6 4 4
5418.5 -6185.5 -19.5 274 0 13.9 20.6 15.0 0.0 0 1 6 1 1
5400.8 -6209.2 -18.4 16 0 11.4 31.8 12.5 0.0 0 1 5 5 5
5415.1 -6170.5 -19.2 235 0 6.1 10.5 7.5 0.0 0 1 3 1 1
5260.7 -6254.7 -16.0 346 0 12.4 17.6 5.0 2.5 2 1 2 2 2
5212.7 -6216.9 -14.2 285 0 12.1 7.1 5.0 2.5 2 0 2 5 5
4688.0 -7506.6 -12.5 87 0 6.1 34.4 7.5 0.0 0 1 3 0 0
3841.4 -7127.4 -48.0 284 0 12.6 18.9 5.0 2.5 2 1 2 5 5
3819.0 -7146.5 -48.7 194 0 10.2 6.1 7.5 2.5 2 0 3 5 5
4754.0 -11081.6 -52.2 241 0 80.1 37.9 2.5 0.0 0 0 1 0 0
4762.3 -11162.2 -50.9 152 0 41.9 51.1 10.0 0.0 0 1 4 0 0
5649.2 -10156.5 -17.9 85 0 14.3 47.6 10.0 2.5 2 1 4 3 3
5683.6 -10185.9 -16.6 106 0 17.1 29.4 7.5 0.0 0 1 3 3 3
5742.5 -10152.5 -16.4 53 0 30.0 14.6 15.0 0.0 0 0 6 3 3
5796.9 -10115.1 -18.0 51 0 18.9 31.1 10.0 0.0 0 1 4 4 4
5777.6 -10124.4 -17.6 48 0 18.0 24.6 15.0 0.0 0 1 6 3 3
5712.0 -10167.8 -16.5 77 0 16.9 22.1 7.5 2.5 2 1 3 0 0
5668.3 -10143.3 -18.5 90 0 12.5 21.9 12.5 2.5 2 1 5 5 5
5700.1 -10146.9 -18.1 76 0 14.3 26.5 12.5 2.5 2 1 5 0 0
3876.7 1226.2 -47.1 188 0 15.6 8.8 7.5 2.5 2 0 3 5 5
3932.4 1259.9 -43.9 279 0 14.6 46.7 12.5 2.5 2 1 5 1 1
4038.6 1226.7 -37.7 199 0 12.1 30.1 10.0 2.5 4 1 4 0 0
3904.7 1210.1 -45.2 99 0 9.6 45.9 7.5 2.5 2 1 3 3 3
4041.6 1106.4 -37.8 16 0 14.7 38.2 10.0 2.5 2 1 4 3 3
3972.2 1233.4 -42.0 9 0 9.4 24.8 5.0 2.5 2 1 2 5 5
4763.4 20.2 -22.7 89 0 19.5 11.2 7.5 0.0 0 0 3 2 2
3984.4 1212.9 -42.3 7 0 20.7 44.1 12.5 0.0 0 1 5 4 4
4046.4 1178.2 -35.5 18 0 17.8 20.8 10.0 2.5 2 1 4 0 0
3985.8 1259.7 -43.8 9 0 12.0 37.6 10.0 2.5 2 1 4 4 4
4014.4 1054.4 -31.5 16 0 14.2 29.1 12.5 2.5 2 1 5 0 0
4066.7 1193.8 -36.1 17 0 15.4 24.2 10.0 2.5 2 1 4 1 1
29.5 -4825.0 -39.7 225 0 75.6 31.9 12.5 0.0 0 0 5 1 1
-3155.8 2941.1 -45.3 51 0 10.2 8.4 10.5 3.5 2 0 3 5 5
5240.8 2009.0 -37.2 321 0 32.0 8.1 7.5 2.5 2 0 3 4 4
-3220.9 -5911.3 -32.4 150 0 27.4 13.2 12.5 2.5 2 0 5 3 3
-3125.2 -6355.0 -20.8 225 0 3.1 18.3 2.5 2.5 4 1 1 2 2
-3200.7 -6357.6 -19.9 134 0 10.3 10.4 5.0 2.5 2 1 2 0 0
-3217.9 -6296.8 -21.1 312 0 3.5 12.9 5.0 2.5 4 1 2 0 0
-3180.4 -6382.5 -19.1 132 0 20.3 15.2 12.5 2.5 4 0 5 5 5
-3089.3 -6421.7 -19.1 221 0 3.7 17.3 7.5 2.5 2 1 3 2 2
-500.1 -6131.2 4.3 162 0 7.1 11.2 8.0 2.5 2 1 2 4 4
-1191.0 -10193.5 -8.3 67 0 15.9 10.0 8.0 2.5 2 0 2 4 4
414.7 -5005.0 -19.9 285 0 6.2 8.9 7.5 2.5 4 1 3 5 5
190.0 -5282.8 -17.3 9 0 21.2 16.0 12.5 2.5 2 0 5 0 0
320.7 -4327.5 -45.5 13 0 26.6 9.7 7.5 2.5 2 0 3 1 1
432.3 -4668.6 -37.7 56 0 12.8 9.0 5.0 0.0 0 0 2 2 2
476.1 -4393.3 -42.8 67 0 19.1 40.6 12.5 2.5 2 1 5 0 0
194.3 -4370.9 -44.0 291 0 16.8 21.2 12.5 2.5 2 1 5 1 1
-3963.8 -4231.1 -24.9 36 0 16.3 16.3 12.5 2.5 2 0 5 4 4
-4026.0 -4233.6 -21.6 125 0 11.1 76.3 10.0 2.5 2 1 4 1 1
-3777.5 -4028.6 -40.0 55 0 13.4 24.0 15.0 0.0 0 1 6 5 5
-2249.0 -3039.2 -41.6 318 0 12.1 23.3 10.0 2.5 2 1 4 3 3
-3902.9 -4144.8 -30.3 146 0 29.6 29.7 10.0 0.0 0 1 4 0 0
-3934.7 -4206.9 -27.2 305 0 11.2 75.7 12.5 2.5 2 1 5 2 2
-3954.2 -4189.6 -25.7 306 0 32.8 12.1 10.0 2.5 2 0 4 1 1
-2201.8 -2906.5 -44.7 42 0 11.0 11.8 7.5 2.5 2 1 3 4 4
-3994.9 -4258.6 -24.0 124 0 11.5 27.8 10.0 2.5 2 1 4 1 1
-3977.5 -3947.9 -30.2 158 0 10.5 23.6 5.0 0.0 0 1 2 4 4
-4010.5 -4246.8 -22.6 124 0 11.5 39.2 10.0 0.0 0 1 4 3 3
-6004.5 -7001.5 -28.4 317 0 17.1 10.2 2.5 0.0 0 0 1 5 5
4055.3 -10937.1 -38.1 331 0 15.8 30.6 12.5 2.5 2 1 5 4 4
4011.1 -10906.1 -35.9 240 0 10.5 33.2 10.0 0.0 0 1 4 2 2
4043.8 -10915.8 -37.2 331 0 19.9 10.7 5.0 2.5 2 0 2 3 3
2108.5 -11672.0 -55.2 111 0 17.7 12.5 2.5 2.5 4 0 1 5 5
1212.4 -8651.0 -23.3 27 0 9.8 9.2 2.5 2.5 4 0 1 1 1
1187.9 -8656.1 -23.0 117 0 8.8 9.9 5.0 2.5 2 1 2 5 5
361.1 -7501.3 -48.9 294 0 7.5 11.2 5.0 2.5 2 1 2 5 5
1196.4 -8595.2 -21.6 207 0 15.0 30.4 12.5 2.5 4 1 5 0 0
912.2 -9757.4 -25.5 9 0 22.1 31.5 7.5 0.0 0 1 3 4 4
897.4 -9705.8 -23.9 8 0 23.9 16.7 7.5 2.5 2 0 3 5 5
879.3 -9749.1 -23.9 8 0 8.2 10.0 5.0 2.5 2 1 2 2 2
5738.5 -5799.3 -37.0 185 0 11.1 19.3 5.0 2.5 2 1 2 0 0
5740.6 -5871.1 -35.5 184 0 9.9 13.1 5.0 2.5 2 1 2 0 0
5727.6 -5882.8 -35.1 189 0 11.2 21.9 7.5 2.5 2 1 3 3 3
5718.6 -5896.5 -34.1 192 0 11.7 14.4 7.5 2.5 2 1 3 1 1
5720.6 -5910.1 -34.1 189 0 10.0 18.3 5.0 2.5 2 1 2 0 0
5657.9 -5874.7 -30.9 34 0 13.4 10.4 5.0 2.5 2 0 2 2 2
5080.2 -6704.0 -5.2 134 0 16.5 11.1 5.0 2.5 2 0 2 4 4
-5452.6 -2735.9 -32.0 279 0 37.0 24.5 5.0 0.0 0 0 2 4 4
-6567.2 -5363.0 -38.0 9 0 14.3 22.9 12.5 2.5 2 1 5 4 4
-6606.1 -4241.3 -45.1 349 0 19.0 19.5 10.0 2.5 2 1 4 3 3
-6524.3 -3940.6 -47.6 189 0 37.8 9.1 7.5 2.5 2 0 3 2 2
-6769.0 -1623.1 -46.1 220 0 12.6 28.6 12.5 2.5 2 1 5 0 0
-6375.6 -6310.0 -33.9 230 0 11.6 28.1 12.5 0.0 0 1 5 5 5
-4381.6 -8241.8 -16.5 285 0 43.4 15.7 10.0 2.5 2 0 4 2 2
-4572.1 -8270.7 -20.6 111 0 37.7 28.8 12.5 0.0 0 0 5 3 3
-4581.7 -8201.8 -15.9 199 0 12.4 13.3 8.0 2.5 2 1 2 3 3
-4444.9 -8318.4 -17.2 110 0 31.2 8.8 7.5 2.5 2 0 3 1 1
-6343.8 -6330.2 -32.5 50 0 7.9 7.3 4.0 2.5 4 0 1 2 2
-5382.7 -2803.3 -32.6 278 0 29.7 53.9 12.5 2.5 4 1 5 4 4
-3354.9 3699.7 -42.3 9 0 34.8 19.2 10.5 0.0 0 0 3 3 3
-5461.8 -2833.6 -32.2 98 0 25.8 19.8 12.5 2.5 2 0 5 3 3
-5471.4 -2841.3 -32.3 279 0 32.0 38.3 7.5 0.0 0 0 3 1 1
315.0 -4371.7 -45.2 14 0 35.1 14.4 2.5 2.5 2 0 1 5 5
3838.5 -11350.3 -41.0 281 0 9.3 4.9 5.0 2.5 2 0 2 4 4
3949.8 -11317.6 -33.8 242 0 6.5 14.0 5.0 2.5 4 1 2 5 5
-3106.5 3391.0 -43.3 274 0 45.9 15.8 14.0 3.5 4 0 4 3 3
-3090.6 3603.4 -42.2 10 0 32.6 19.5 10.5 0.0 0 0 3 0 0
-5796.9 7646.7 -34.5 309 0 5.2 6.2 5.0 2.5 2 1 2 4 4
-6011.5 7997.2 -27.3 101 0 6.9 18.9 7.5 2.5 4 1 3 2 2
-5807.1 7651.5 -34.5 216 0 7.0 8.0 5.0 2.5 2 1 2 1 1
-5786.9 7616.4 -35.0 36 0 8.0 6.5 7.5 2.5 4 0 3 5 5
-5803.7 7600.4 -35.0 39 0 13.5 28.9 7.5 2.5 4 1 3 0 0
-5776.9 7649.8 -34.8 309 0 8.0 23.5 7.5 2.5 2 1 3 0 0
-5640.3 8339.2 -48.7 100 0 9.0 29.9 7.5 0.0 0 1 3 2 2
-5453.1 -2730.6 -33.7 98 0 39.2 30.1 10.0 0.0 0 0 4 1 1
-5473.1 -2539.2 -48.0 237 0 25.6 11.2 12.5 2.5 2 0 5 3 3
-5375.4 -2546.0 -48.2 190 0 14.0 22.8 15.0 0.0 0 1 6 5 5
-5536.6 -2671.8 -40.4 140 0 20.5 50.5 10.0 2.5 2 1 4 5 5
-5510.1 -2695.5 -36.4 121 0 31.3 19.2 10.0 0.0 0 0 4 1 1
-5446.2 -2808.4 -32.2 9 0 15.3 37.5 10.0 2.5 2 0 4 5 5
-5451.6 -2783.4 -32.1 280 0 19.1 16.7 7.5 2.5 2 0 3 3 3
-5532.0 -2797.3 -32.1 123 0 8.5 17.6 7.0 2.5 2 1 2 2 2
-5453.1 -2777.4 -32.0 99 0 17.1 16.6 10.0 2.5 2 0 4 2 2
-5591.9 -2662.7 -37.6 324 0 8.2 35.8 7.5 2.5 2 1 3 0 0
-5661.4 -2925.2 -40.6 85 0 8.9 21.6 7.5 2.5 4 1 3 0 0
-5615.4 -2966.5 -40.6 279 0 12.5 21.6 10.0 0.0 0 1 4 0 0
-5109.7 2738.3 44.1 344 0 30.9 9.9 7.5 2.5 2 0 3 2 2
-6557.7 2956.0 0.3 281 0 28.5 14.4 12.5 2.5 2 0 5 3 3
-6527.9 2947.2 -0.9 281 0 21.2 11.5 8.0 2.5 4 0 2 2 2
-4752.8 3505.9 -28.1 99 0 10.9 17.6 5.0 2.5 2 1 2 2 2
-4111.2 3423.8 -32.6 10 0 42.4 14.4 10.0 2.5 2 0 4 0 0
-4135.6 3326.7 -28.5 8 0 10.7 16.8 5.0 2.5 4 1 2 1 1
-4173.2 3332.4 -28.5 189 0 9.8 18.7 2.5 2.5 2 1 1 0 0
-6306.7 2085.1 -40.0 0 0 10.0 12.6 2.5 2.5 2 1 1 1 1
-6314.8 1459.1 -47.3 20 0 13.5 13.4 7.5 2.5 2 0 3 3 3
-6219.3 1478.1 -45.9 11 0 11.8 12.7 7.5 2.5 2 1 3 3 3
-4082.2 3872.1 -40.0 9 0 11.4 6.6 7.5 2.5 2 0 3 4 4
-4086.7 3885.5 -40.0 9 0 36.4 12.3 7.5 2.5 2 0 3 4 4
-4078.2 3896.5 -40.2 189 0 37.9 4.9 7.5 2.5 2 0 3 4 4
-4168.9 3568.1 -36.2 279 0 9.2 20.5 4.0 0.0 0 1 1 3 3
-4153.2 3539.9 -35.3 206 0 10.4 23.9 7.5 0.0 0 0 3 0 0
-4106.2 3727.0 -39.6 189 0 60.5 4.7 7.5 2.5 2 0 3 0 0
-4093.4 3804.3 -40.1 189 0 84.6 4.7 5.0 2.5 4 0 2 0 0
-4141.6 3643.5 -38.1 189 0 24.3 19.8 10.0 2.5 2 0 4 2 2
-4306.2 3665.2 -37.2 264 0 12.9 26.1 12.5 2.5 2 1 5 4 4
-5017.8 3728.8 -23.0 200 0 16.0 8.1 7.5 2.5 2 0 3 0 0
-4950.8 3715.7 -25.2 207 0 14.9 34.1 7.5 2.5 4 1 3 4 4
-3543.8 3543.1 -39.4 296 0 14.5 38.3 14.0 3.5 2 0 4 4 4
-3583.1 3558.3 -38.6 253 0 15.1 22.3 14.0 3.5 2 0 4 2 2
-3599.7 3544.6 -38.1 223 0 13.1 17.6 14.0 3.5 2 0 4 3 3
-3539.7 3512.2 -39.9 100 0 12.2 21.1 14.0 3.5 2 0 4 0 0
-3474.9 3293.1 -40.8 98 0 25.7 39.8 14.0 0.0 0 0 4 2 2
-3285.9 3329.6 -43.1 194 0 18.5 11.9 14.0 3.5 2 0 4 3 3
-4464.3 3975.2 -29.7 9 0 16.8 16.6 10.0 0.0 0 0 4 3 3
-4410.1 3963.9 -30.7 9 0 16.8 16.6 10.0 0.0 0 0 4 0 0
-4401.9 3968.8 -31.2 188 0 16.3 17.0 12.5 0.0 0 1 5 5 5
-4434.0 3887.5 -34.1 8 0 7.3 10.7 2.5 2.5 2 1 1 4 4
-4408.5 3886.5 -34.9 189 0 22.7 13.5 10.0 2.5 2 0 4 1 1
-5049.0 5570.0 -12.4 110 0 8.9 41.6 7.5 2.5 2 1 3 4 4
-4382.3 4931.3 -40.2 15 0 6.4 6.9 7.5 2.5 2 1 3 4 4
-5343.5 5394.1 -27.3 359 0 6.0 6.6 2.5 2.5 2 1 1 1 1
-5333.4 5377.1 -27.2 77 0 15.0 10.6 2.5 2.5 2 0 1 5 5
-5160.2 5841.4 -22.0 60 0 10.2 14.6 3.5 2.5 2 1 1 3 3
-3237.8 3630.4 -42.6 7 0 15.0 29.0 14.0 0.0 0 1 4 1 1
-3177.3 3804.3 -41.8 171 0 9.4 6.4 10.5 3.5 4 0 3 1 1
-3525.3 3738.6 -39.0 7 0 7.2 12.8 10.5 3.5 2 1 3 2 2
-3176.3 3886.8 -42.4 111 0 12.3 22.1 14.0 3.5 2 1 4 2 2
661.7 1564.3 -47.0 73 0 10.5 13.5 5.0 2.5 2 1 2 2 2
1998.2 2824.1 -46.1 199 0 10.6 21.0 5.0 2.5 4 1 2 3 3
1974.1 2643.0 -45.2 183 0 16.0 7.2 5.0 2.5 2 0 2 1 1
2027.6 2580.9 -45.2 273 0 26.4 10.9 7.5 2.5 2 0 3 0 0
-3337.6 3366.5 -40.6 357 0 11.9 15.9 14.0 3.5 2 1 4 1 1
-3297.8 3391.9 -42.0 269 0 15.2 26.3 14.0 3.5 2 1 4 3 3
-3423.6 3390.3 -39.5 180 0 17.5 26.4 14.0 0.0 0 1 4 2 2
-2557.6 3275.8 -39.2 118 0 23.7 51.4 14.0 3.5 2 1 4 3 3
-2571.8 3290.2 -37.8 117 0 9.9 22.7 10.5 3.5 2 1 3 2 2
-2557.0 3332.2 -38.4 298 0 22.4 16.1 14.0 3.5 2 0 4 3 3
-2594.2 3342.5 -38.0 207 0 40.9 22.9 14.0 0.0 0 0 4 0 0
-2486.8 3201.0 -42.1 297 0 79.1 22.3 14.0 0.0 0 0 4 2 2
-2558.7 3109.4 -34.9 29 0 14.3 42.2 14.0 3.5 2 1 4 2 2
-2639.3 3102.7 -32.4 93 0 4.8 6.8 10.5 3.5 4 1 3 1 1
-2613.8 3085.6 -34.7 96 0 4.5 14.3 10.5 3.5 2 1 3 5 5
-2632.6 3084.2 -34.6 93 0 23.5 10.4 14.0 3.5 2 0 4 5 5
-2676.0 3083.3 -33.0 93 0 4.7 7.0 10.5 0.0 0 1 3 3 3
-2686.9 3096.2 -32.4 190 0 18.3 3.9 10.5 3.5 2 0 3 4 4
-2664.6 3129.7 -31.4 183 0 18.0 9.9 10.5 3.5 2 0 3 4 4
-2638.4 3137.3 -32.5 273 0 23.3 10.7 14.0 3.5 2 0 4 1 1
-2663.0 3725.3 -40.7 191 0 11.8 31.9 10.0 2.5 2 1 4 3 3
-2623.5 3724.4 -40.6 280 0 12.4 12.5 8.0 2.5 2 1 2 0 0
-2814.2 3516.7 -33.5 190 0 7.3 6.2 10.5 0.0 0 0 3 1 1
-2820.6 3513.5 -34.2 99 0 10.5 23.1 14.0 3.5 4 1 4 2 2
-2867.9 3501.6 -36.6 11 0 18.4 16.7 14.0 3.5 2 0 4 0 0
1287.6 2157.2 -44.0 321 0 6.3 6.2 7.5 2.5 2 0 3 3 3
1374.6 2049.4 -44.8 325 0 28.9 14.9 7.5 2.5 2 0 3 2 2
1009.0 2639.4 -43.0 126 0 6.0 6.0 7.0 2.5 2 0 2 4 4
1000.7 2673.6 -43.1 273 0 7.2 5.0 10.5 2.5 2 0 3 3 3
991.3 2673.9 -43.1 272 0 7.5 4.7 10.5 2.5 2 0 3 2 2
994.5 2624.2 -42.8 2 0 5.1 21.6 10.5 2.5 2 1 3 3 3
1037.2 2678.4 -43.4 92 0 9.7 8.9 10.5 2.5 4 0 3 2 2
1059.8 2691.7 -43.5 3 0 20.8 15.1 7.5 2.5 4 0 3 3 3
2220.1 2521.9 -44.4 187 0 15.1 16.6 7.5 2.5 4 1 3 5 5
-5605.0 8052.4 -48.0 280 0 10.1 13.6 14.0 2.5 2 0 4 4 4
-5619.9 8098.0 -48.8 10 0 18.7 12.9 10.0 2.5 2 0 4 1 1
-5625.6 8076.6 -47.7 10 0 23.9 11.2 10.0 2.5 2 0 4 2 2
-5788.0 8245.0 -32.4 98 0 20.8 23.0 10.0 0.0 0 1 4 2 2
2400.6 -11025.2 -56.2 19 0 12.8 12.8 5.0 0.0 0 1 2 4 4
6787.7 -3829.9 -51.5 321 0 22.3 9.4 7.5 2.5 2 0 3 5 5
6914.3 -3753.4 -51.6 230 0 5.8 29.8 7.5 2.5 2 1 3 1 1
6877.9 -3781.7 -51.6 234 0 10.5 30.4 5.0 2.5 2 1 2 3 3
6925.8 -3806.0 -51.6 323 0 9.9 8.4 5.0 2.5 2 0 2 2 2
99.9 -4216.4 -30.6 189 0 8.3 25.9 7.5 0.0 0 1 3 1 1
129.5 -4166.4 -29.1 8 0 7.2 4.9 5.0 2.5 2 0 2 3 3
118.0 -4146.4 -27.9 184 0 11.6 8.1 7.5 2.5 2 0 3 2 2
129.4 -4133.5 -27.8 10 0 11.7 11.8 5.0 2.5 4 1 2 2 2
3318.5 459.3 -45.7 280 0 12.1 39.9 12.5 2.5 2 1 5 5 5
3289.1 467.4 -45.1 189 0 8.7 10.4 5.0 2.5 4 1 2 5 5
-6264.0 8356.9 -11.6 101 0 13.7 16.6 7.5 2.5 2 1 3 5 5
-6267.7 8445.9 -10.2 191 0 16.6 13.7 2.5 2.5 2 0 1 3 3
-6275.8 8387.4 -10.9 191 0 16.6 13.7 7.5 2.5 2 0 3 4 4
-6239.8 8386.3 -12.3 191 0 16.6 13.7 5.0 2.5 2 0 2 1 1
-6238.0 8406.3 -12.0 191 0 16.6 13.7 7.5 2.5 2 0 3 2 2
-6234.5 8426.0 -11.7 191 0 16.6 13.7 5.0 2.5 2 0 2 3 3
-6222.3 8452.7 -11.5 281 0 13.7 16.6 7.5 2.5 2 1 3 2 2
-6232.0 8350.9 -12.8 101 0 13.5 16.6 7.5 2.5 2 1 3 3 3
-6241.3 8372.5 -12.1 191 0 6.0 5.9 5.0 2.5 2 0 2 2 2
-6246.6 8398.8 -11.5 191 0 5.9 6.4 5.0 2.5 2 1 2 0 0
-6239.3 8437.3 -11.0 191 0 8.8 6.3 7.5 2.5 2 0 3 4 4
-6274.4 8407.4 -10.6 191 0 16.6 13.7 2.5 2.5 4 0 1 1 1
-6271.0 8427.0 -10.4 191 0 16.6 13.7 2.5 2.5 2 0 1 4 4
-6288.7 8376.0 -10.3 11 0 16.6 13.7 10.0 2.5 2 0 4 4 4
-6292.1 8396.7 -9.8 11 0 16.6 13.7 5.0 2.5 2 0 2 1 1
-6291.6 8417.0 -9.5 11 0 16.6 13.7 7.5 2.5 2 0 3 5 5
-6287.9 8436.7 -9.2 11 0 16.6 13.7 2.5 2.5 2 0 1 4 4
-6292.8 8464.7 -8.8 281 0 13.7 16.6 7.5 2.5 2 1 3 0 0
-6313.1 8403.0 -9.1 190 0 5.9 6.1 2.5 2.5 4 1 1 5 5
-6308.1 8446.6 -8.5 190 0 6.2 6.2 5.0 2.5 2 1 2 3 3
-1740.2 4197.0 -43.5 306 0 24.6 18.4 10.0 2.5 2 0 4 5 5
-5186.3 7163.7 -43.7 54 0 24.5 19.1 7.5 2.5 2 0 3 1 1
-5301.1 3650.1 -0.1 205 0 18.7 12.2 7.0 2.5 2 0 2 3 3
-5370.0 3607.9 10.3 21 0 18.8 32.8 10.0 0.0 0 1 4 2 2
-4161.4 3580.9 -36.9 10 0 12.8 24.0 5.0 2.5 2 1 2 5 5
-4114.5 3716.6 -39.3 9 0 36.3 13.8 10.0 0.0 0 0 4 0 0
-4107.7 3758.4 -39.8 9 0 36.3 13.8 7.5 2.5 2 0 3 3 3
-4100.8 3799.8 -40.2 9 0 36.3 14.1 10.0 2.5 2 0 4 5 5
-4093.4 3845.7 -40.1 9 0 36.6 13.8 7.5 2.5 2 0 3 3 3
-3610.4 3518.4 -38.4 163 0 18.5 25.6 14.0 0.0 0 0 4 1 1
-3602.2 3465.8 -38.4 190 0 29.2 13.0 14.0 3.5 2 0 4 5 5
-5247.7 5873.1 -30.8 358 0 7.6 9.8 7.0 2.5 2 1 2 2 2
2057.4 2976.8 -47.0 173 0 5.8 31.7 2.5 2.5 2 1 1 1 1
